old versions (Night of Science 2019)/dev/input/maps/EFForTS-LGraf/forest-patch-raster.asc
NCOLS 100
NROWS 100
XLLCORNER 0
YLLCORNER 0
CELLSIZE 50
NODATA_VALUE NaN
[rows 0 to 58 of 100, columns 0 to 95 of 100]
3 3 3 3 3 3 3 3 3 3 3 3 3 3 3 3 3 3 3 3 3 3 3 3 3 3 3 3 3 3 3 3 3 3 3 3 3 3 3 3 52 52 52 52 52 52 52 52 52 52 52 52 52 52 52 52 52 52 52 52 52 52 52 52 52 52 52 52 52 52 52 52 52 52 52 52 52 52 52 52 52 52 52 52 52 52 52 52 52 52 52 52 52 52 52 52
3 3 3 3 3 3 3 3 3 3 3 3 3 3 3 3 3 3 3 3 3 3 3 3 3 3 3 3 3 3 3 3 3 3 3 3 3 3 3 3 52 52 52 52 52 52 52 52 52 52 52 52 52 52 52 52 52 52 52 52 52 52 52 52 52 52 52 52 52 52 52 52 52 52 52 52 52 52 52 52 52 52 52 52 52 52 52 52 52 52 52 52 52 52 52 52
3 3 3 3 3 3 3 3 3 3 3 3 3 3 3 3 3 3 3 3 3 3 3 3 3 3 3 3 3 3 3 3 3 3 3 3 3 3 3 3 3 52 52 52 52 52 52 52 52 52 52 52 52 52 52 52 52 52 52 52 52 52 52 52 52 52 52 52 52 52 52 52 52 52 52 52 52 52 52 52 52 52 52 52 52 52 52 52 52 52 52 52 52 52 52 52
3 3 3 3 3 3 3 3 3 3 3 3 3 3 3 3 3 3 3 3 3 3 3 3 3 3 3 3 3 3 3 3 3 3 3 3 3 3 3 3 3 52 52 52 52 52 52 52 52 52 52 52 52 52 52 52 52 52 52 52 52 52 52 52 52 52 52 52 52 52 52 52 52 52 52 52 52 52 52 52 52 52 52 52 52 52 52 52 52 52 52 52 52 52 52 52
3 3 3 3 3 3 3 3 3 3 3 3 3 3 3 3 3 20 20 3 3 3 3 3 3 3 3 3 3 3 3 3 3 3 3 3 3 3 3 3 3 52 52 52 52 52 52 52 52 52 52 52 52 52 52 52 52 52 52 52 52 52 52 52 52 52 52 52 52 52 52 52 52 52 52 52 52 52 52 52 52 52 52 52 52 52 52 52 52 52 52 52 52 52 52 52
3 3 3 3 3 3 3 3 3 3 3 -1 -1 -1 -1 3 20 20 20 -1 -1 -1 3 3 3 3 3 3 3 3 3 3 3 3 3 3 3 3 3 3 52 52 52 52 52 52 52 52 52 52 52 52 52 52 52 52 52 52 52 52 52 52 52 52 52 52 52 52 52 52 52 52 52 52 52 52 52 52 52 52 52 52 52 52 52 52 52 52 52 52 52 52 52 52 52 52
3 3 3 3 3 3 3 3 3 3 3 -1 -1 -1 17 -1 20 20 -1 -1 -1 -1 3 3 3 3 3 3 3 3 3 3 3 3 3 3 3 3 3 3 3 52 52 52 52 52 52 52 52 52 52 52 52 52 52 52 52 52 52 52 52 52 52 52 52 52 52 52 52 52 52 52 52 52 52 52 52 52 52 52 52 52 52 52 86 86 52 52 52 52 52 52 52 52 52 52
3 3 3 1 1 1 1 1 3 3 3 -1 -1 17 17 -1 20 20 -1 -1 -1 -1 3 3 3 3 3 3 3 3 3 3 3 3 3 3 3 3 -1 -1 -1 -1 52 52 52 52 52 52 52 52 52 52 52 52 52 52 52 52 52 52 52 52 52 52 52 52 52 52 52 52 52 52 52 52 52 52 52 52 52 52 52 52 86 86 86 86 86 52 52 52 52 52 52 52 52 52
3 3 1 1 1 1 1 1 1 3 -1 3 3 -1 -1 -1 20 -1 -1 -1 -1 -1 3 3 3 3 3 3 3 3 3 3 3 3 3 -1 -1 -1 -1 -1 -1 -1 52 52 52 52 52 52 52 52 52 52 52 52 52 52 52 52 52 52 52 52 52 52 52 52 52 52 52 52 52 52 52 52 52 52 52 52 52 52 52 52 86 86 86 86 86 86 52 52 52 52 52 52 52 52
3 3 1 1 1 1 1 1 1 1 1 -1 -1 -1 -1 -1 -1 -1 24 -1 -1 3 3 -1 3 3 3 3 3 3 3 3 3 3 3 -1 -1 -1 -1 -1 -1 -1 52 52 52 52 52 52 52 52 52 52 52 52 52 52 52 52 52 52 52 52 52 52 52 52 52 52 52 52 52 52 52 52 52 52 52 52 52 52 52 86 86 86 86 86 86 86 86 86 52 52 52 52 52 52
3 3 1 1 1 1 1 1 1 1 1 -1 -1 -1 -1 -1 -1 -1 24 -1 -1 -1 -1 -1 -1 -1 3 3 3 3 3 3 3 3 3 -1 3 3 -1 -1 -1 -1 52 52 52 52 52 52 52 52 52 52 52 52 52 52 52 52 52 52 52 52 52 52 52 52 52 52 52 52 52 52 52 52 52 52 52 52 52 86 86 86 86 86 86 86 86 86 86 86 52 52 52 52 52 52
3 3 3 1 1 1 1 1 1 1 1 -1 -1 12 12 -1 -1 -1 -1 -1 -1 -1 -1 -1 -1 -1 -1 -1 -1 -1 3 3 3 3 3 -1 -1 -1 -1 46 -1 -1 52 52 52 52 52 52 52 52 52 52 52 52 52 52 52 52 52 52 52 52 52 52 52 52 52 52 52 52 52 52 52 52 52 52 52 52 86 86 86 86 86 86 86 86 86 86 86 86 52 52 52 52 52 52
3 3 1 1 1 1 1 1 1 1 -1 -1 -1 -1 -1 -1 -1 -1 -1 -1 -1 -1 -1 -1 -1 -1 -1 -1 -1 -1 3 3 3 3 3 3 3 -1 -1 -1 -1 -1 52 -1 52 -1 52 52 52 52 52 52 52 52 52 52 52 52 52 52 52 52 52 52 52 52 52 52 52 52 52 52 52 52 52 52 52 86 86 86 86 86 86 86 86 86 86 86 86 86 86 86 52 52 52 52
3 1 1 1 1 1 1 1 1 1 -1 -1 -1 -1 -1 -1 -1 -1 -1 -1 -1 -1 -1 -1 -1 -1 -1 -1 -1 -1 3 3 3 3 3 3 -1 -1 3 3 -1 -1 -1 -1 52 -1 -1 -1 -1 52 52 52 52 52 52 52 52 52 52 52 52 52 52 52 52 52 52 52 52 52 52 52 52 52 52 52 86 86 86 86 86 86 86 86 86 86 86 86 86 86 86 86 86 52 52 52
2 1 1 1 1 1 1 1 1 1 1 1 -1 -1 -1 -1 19 -1 -1 28 -1 -1 -1 -1 -1 -1 -1 -1 -1 -1 3 3 3 3 3 3 3 3 3 3 -1 -1 -1 -1 -1 -1 -1 -1 -1 52 52 52 52 52 52 52 52 52 52 52 52 52 52 52 52 52 52 52 52 52 52 52 52 52 52 52 86 86 86 86 86 86 86 86 86 86 86 86 86 86 86 86 86 86 52 52
1 1 1 1 1 1 1 1 1 1 1 -1 -1 -1 -1 -1 -1 -1 -1 -1 -1 -1 -1 -1 -1 -1 37 37 -1 -1 -1 -1 3 3 3 3 -1 -1 -1 -1 -1 -1 -1 -1 52 52 52 52 52 52 52 52 52 52 52 52 52 52 52 52 52 52 52 52 52 52 52 52 52 52 52 52 52 52 52 52 -1 86 86 86 86 86 86 86 86 86 86 86 86 86 86 86 86 86 86 52
1 1 1 1 1 1 1 1 1 1 1 -1 -1 -1 -1 -1 -1 -1 -1 27 -1 -1 -1 -1 37 -1 37 -1 37 37 37 3 3 3 3 1 3 3 -1 3 3 -1 -1 -1 -1 -1 -1 -1 -1 52 52 52 52 52 52 52 52 52 52 52 52 52 52 52 52 52 52 52 52 52 -1 -1 -1 -1 52 52 -1 86 86 86 86 86 86 86 86 86 86 86 86 86 86 86 86 86 86 52
1 1 1 1 1 1 1 1 1 1 1 -1 -1 -1 -1 1 -1 -1 23 23 -1 -1 -1 -1 -1 37 -1 37 -1 -1 -1 -1 1 1 1 1 -1 -1 3 -1 -1 -1 -1 -1 -1 -1 -1 -1 -1 52 52 52 52 52 52 52 52 52 52 52 52 52 52 52 52 52 52 52 52 52 -1 -1 -1 -1 -1 85 -1 -1 -1 86 86 86 86 86 86 86 86 86 86 86 86 86 86 86 86 86
1 1 1 1 1 1 1 1 1 1 1 -1 -1 -1 -1 1 -1 -1 22 -1 -1 -1 -1 -1 -1 -1 -1 -1 -1 1 1 -1 1 1 1 1 -1 -1 -1 -1 -1 -1 -1 -1 -1 -1 -1 -1 -1 52 52 52 52 52 52 52 52 52 52 52 52 52 52 52 52 52 52 52 52 52 -1 -1 -1 -1 85 85 -1 -1 -1 86 86 86 86 86 86 86 86 86 86 86 86 86 86 86 86 86
1 1 1 1 1 1 1 1 1 1 1 -1 -1 1 1 1 -1 22 22 -1 -1 -1 -1 -1 -1 -1 -1 -1 -1 1 1 1 1 1 1 1 1 -1 44 -1 -1 -1 -1 -1 -1 -1 -1 67 -1 -1 -1 52 52 52 52 52 52 52 52 52 52 52 52 52 52 52 52 52 52 52 52 52 52 52 85 -1 -1 -1 -1 -1 -1 86 86 86 86 86 86 86 86 86 86 86 86 86 86 86
1 1 1 1 1 1 1 1 1 1 1 1 1 1 1 -1 1 -1 -1 -1 30 -1 -1 -1 -1 -1 -1 -1 -1 -1 1 1 1 1 1 1 1 -1 -1 -1 -1 -1 -1 59 -1 -1 -1 67 -1 -1 -1 52 52 52 -1 -1 52 52 52 52 52 52 52 52 52 52 52 52 52 52 -1 -1 -1 -1 -1 -1 -1 -1 -1 -1 -1 86 86 86 86 86 86 86 86 86 86 86 86 86 86 86
1 1 1 1 1 1 1 1 1 1 1 1 1 1 1 1 1 1 -1 -1 30 -1 1 -1 -1 -1 1 -1 -1 -1 1 1 1 1 1 1 1 1 1 1 -1 -1 -1 59 -1 -1 -1 -1 -1 -1 -1 -1 -1 -1 -1 -1 52 52 52 52 52 52 52 52 52 52 52 -1 -1 -1 -1 -1 -1 -1 -1 -1 -1 86 -1 -1 -1 86 86 86 86 86 86 86 86 86 86 86 86 86 86 86
1 1 1 1 1 1 1 1 1 1 1 1 1 1 1 1 1 -1 -1 1 -1 -1 1 1 1 1 1 -1 1 1 1 1 1 1 1 1 1 -1 -1 -1 -1 -1 -1 -1 -1 -1 -1 -1 -1 -1 -1 -1 -1 -1 52 -1 -1 -1 52 52 52 54 52 52 52 52 54 -1 -1 -1 -1 -1 -1 -1 -1 54 -1 86 86 86 86 86 86 86 86 86 86 86 86 86 86 86 86 86 86 86
1 1 1 1 1 1 1 1 1 1 1 1 1 1 1 1 1 1 1 1 -1 -1 1 1 1 1 1 1 1 1 1 1 1 1 1 1 1 1 1 1 1 -1 -1 -1 -1 -1 -1 66 -1 -1 -1 -1 52 52 -1 73 73 73 73 54 54 54 52 52 52 54 54 54 54 54 -1 54 54 54 54 -1 -1 86 86 86 86 86 86 86 86 86 86 86 86 86 86 86 86 86 86 86
1 1 1 1 1 1 1 1 1 1 1 1 1 1 1 1 1 1 1 1 1 1 1 1 1 1 1 1 1 1 1 1 1 1 1 1 -1 -1 -1 -1 -1 -1 -1 58 -1 -1 -1 -1 -1 -1 -1 -1 -1 -1 -1 73 -1 -1 54 54 54 54 54 54 54 54 54 54 -1 -1 54 54 54 54 54 -1 -1 -1 -1 86 86 86 86 86 86 86 86 86 86 86 86 86 86 86 86 86
1 1 1 1 1 1 1 1 1 1 1 1 1 1 1 1 1 1 1 1 1 1 1 1 1 1 1 1 1 1 1 1 1 1 1 1 -1 -1 -1 -1 -1 -1 -1 58 -1 -1 -1 -1 -1 -1 -1 -1 -1 -1 -1 73 -1 -1 54 54 54 54 54 54 54 54 54 54 -1 54 -1 54 54 54 54 54 54 54 54 54 54 86 86 86 86 86 86 86 86 86 86 86 86 86 86 86
1 1 1 1 1 1 1 1 1 1 1 1 1 1 1 1 1 1 1 1 1 1 1 1 1 1 1 1 1 1 1 1 1 1 -1 -1 -1 -1 -1 -1 -1 -1 55 -1 -1 -1 64 -1 -1 -1 -1 -1 -1 -1 73 73 73 -1 -1 54 54 54 54 54 54 54 54 54 54 54 54 54 54 54 54 54 54 54 54 54 54 86 86 86 86 86 86 86 86 86 86 86 86 86 86 86
1 1 1 1 1 1 1 1 1 1 1 1 1 1 1 1 1 1 1 1 1 1 1 1 1 1 1 1 1 1 1 1 1 1 -1 -1 -1 -1 -1 -1 -1 -1 55 -1 -1 -1 -1 -1 -1 -1 -1 -1 -1 73 73 73 73 -1 -1 -1 -1 54 54 54 54 54 54 54 54 54 54 54 54 54 54 54 54 54 54 54 54 86 86 86 86 86 86 86 86 86 86 86 86 86 86 86
1 1 1 1 1 1 1 1 1 1 1 1 1 1 1 1 1 1 1 1 1 1 1 1 1 1 1 1 1 1 1 1 1 1 1 1 -1 -1 -1 -1 -1 -1 -1 57 -1 -1 -1 -1 -1 -1 -1 -1 73 73 73 -1 -1 54 -1 -1 -1 54 54 54 54 54 54 54 54 54 54 54 54 54 54 54 54 54 54 54 54 86 86 86 86 86 86 86 86 86 86 86 86 86 86 86
1 1 1 1 1 1 1 1 1 1 1 1 1 1 1 1 1 1 1 1 1 1 1 1 1 1 1 1 1 1 1 1 1 1 1 1 -1 -1 1 1 -1 -1 57 -1 -1 -1 -1 -1 69 -1 -1 -1 -1 73 73 -1 54 -1 54 54 54 54 54 54 54 54 54 54 54 54 54 54 54 54 54 54 54 54 54 54 54 54 86 86 86 86 86 86 86 86 86 86 86 86 86 86
1 1 1 1 1 1 1 1 1 1 1 1 1 1 1 1 1 1 1 1 1 1 1 1 1 1 1 1 1 1 1 1 1 1 1 1 1 1 1 -1 -1 51 51 57 -1 -1 -1 -1 -1 -1 -1 -1 -1 -1 -1 -1 54 -1 54 54 54 54 54 54 54 54 54 54 54 54 54 54 54 54 54 54 54 54 54 54 54 86 86 86 86 86 86 86 86 86 86 86 86 86 86 86
1 1 1 1 1 1 1 1 1 1 1 1 1 1 1 1 1 1 1 1 1 1 1 1 1 1 1 1 1 1 1 1 1 1 1 1 1 1 1 -1 -1 -1 -1 60 60 -1 -1 -1 -1 -1 -1 -1 -1 -1 -1 -1 54 54 54 54 54 54 54 54 54 54 54 54 54 54 54 54 54 54 54 54 54 54 54 54 86 86 86 86 86 86 86 86 86 86 86 86 86 86 86 86
1 1 1 1 1 1 1 1 1 1 1 1 1 1 1 1 1 1 1 1 1 1 1 1 1 1 1 1 1 1 1 1 1 1 1 1 1 1 1 1 1 1 1 1 -1 -1 -1 -1 -1 -1 -1 -1 -1 -1 -1 -1 54 54 54 54 54 54 54 54 54 54 54 54 54 54 54 54 54 54 54 54 54 54 54 54 86 86 86 86 86 86 86 86 86 86 86 86 86 86 86 86
1 1 1 1 1 1 1 1 1 1 1 1 1 1 1 1 1 1 1 1 1 1 1 1 1 1 1 1 1 1 1 1 1 1 1 1 1 1 1 1 1 1 1 -1 -1 -1 -1 65 -1 -1 -1 -1 -1 54 54 54 54 54 54 54 54 54 54 54 54 54 54 54 54 54 54 54 54 54 54 54 54 54 54 54 86 86 86 86 86 86 86 86 86 86 86 86 86 86 86 86
1 1 1 1 1 1 1 1 1 1 1 1 1 1 1 1 1 1 1 1 1 1 1 1 1 1 1 1 1 1 1 1 1 1 1 1 1 1 1 45 45 45 1 -1 -1 -1 -1 -1 -1 -1 -1 -1 -1 54 54 54 54 54 54 54 54 54 54 54 54 54 54 54 54 54 54 54 54 54 54 54 54 54 54 54 86 86 86 86 86 86 86 86 86 86 86 86 86 86 86 86
1 1 1 1 1 1 1 1 1 1 1 1 1 1 1 1 1 1 1 1 1 1 1 1 1 1 1 1 1 1 1 1 1 1 1 1 1 1 1 45 45 -1 1 1 -1 -1 54 -1 -1 -1 54 54 54 54 54 54 54 54 54 54 54 54 54 54 54 54 54 54 54 54 54 54 54 54 54 54 54 54 54 54 86 86 86 86 86 86 86 86 86 86 86 86 86 86 86 86
1 1 1 1 1 1 1 1 1 1 1 1 1 1 1 1 1 1 1 1 1 1 1 1 1 1 1 1 1 1 1 1 1 1 1 1 1 1 -1 -1 -1 1 1 -1 54 54 -1 54 54 -1 -1 54 54 54 54 54 54 54 54 54 54 54 54 54 54 54 54 54 54 54 54 54 54 54 54 54 54 54 54 54 54 54 86 86 86 86 86 86 86 86 86 86 86 54 54 54
1 1 1 1 1 1 1 1 1 1 1 1 1 1 1 1 1 1 1 1 1 1 1 1 1 1 1 1 1 1 1 1 1 1 1 1 1 1 -1 -1 -1 1 1 -1 -1 -1 -1 54 54 54 54 54 54 54 54 54 54 54 54 54 54 54 54 54 54 54 54 54 54 54 54 54 54 54 54 54 54 54 54 54 54 54 86 86 86 86 86 86 86 86 86 86 54 54 54 54
1 1 1 1 1 1 1 1 1 1 1 1 1 1 1 1 1 1 1 1 1 1 1 1 1 1 1 1 1 1 1 1 1 1 1 1 1 1 1 -1 -1 1 1 -1 -1 54 54 54 54 54 54 54 54 54 54 54 54 54 54 54 54 54 54 54 54 54 54 54 54 54 54 54 54 54 54 54 54 54 54 54 54 54 54 54 86 86 86 86 86 86 86 54 54 54 54 54
1 1 1 1 1 1 1 1 1 1 1 1 1 1 1 1 1 1 1 1 1 1 1 1 1 1 1 1 1 1 1 1 1 1 1 1 1 1 1 1 1 1 1 54 54 54 54 54 54 54 54 54 54 54 54 54 54 54 54 54 54 54 54 54 54 54 54 54 54 54 54 54 54 54 54 54 54 54 54 54 54 54 54 54 86 86 86 86 86 86 54 54 54 54 54 54
1 1 1 1 1 1 1 1 1 1 1 1 1 1 1 1 1 1 1 1 1 1 1 1 1 1 1 1 1 1 1 1 1 1 1 1 1 1 1 1 1 1 1 54 54 54 54 54 54 54 54 54 54 54 54 54 54 54 54 54 54 54 54 54 54 54 54 54 54 54 54 54 54 54 54 54 54 54 54 54 54 54 54 54 54 54 54 54 54 54 54 54 54 54 54 54
1 1 1 1 1 1 1 1 1 1 1 1 1 1 1 1 1 1 1 1 1 1 1 1 1 1 1 1 1 1 1 1 1 1 1 1 1 1 1 1 1 1 1 54 54 54 54 54 54 54 54 54 54 54 54 54 54 54 54 54 54 54 54 54 54 54 54 54 54 54 54 54 54 54 54 54 54 54 54 54 54 54 54 54 54 54 54 54 54 54 54 54 54 54 54 54
1 1 1 1 1 1 1 1 1 1 1 1 1 1 1 1 1 1 1 1 1 1 1 1 1 1 1 1 1 1 1 1 1 1 1 1 1 1 1 1 1 1 1 54 54 54 54 54 54 54 54 54 54 54 54 54 54 54 54 54 54 54 54 54 54 54 54 54 54 54 54 54 54 54 54 54 54 54 54 54 54 54 54 54 54 54 54 54 54 54 54 54 54 54 54 54
1 1 1 1 1 1 1 1 1 1 1 1 1 1 1 1 1 1 1 1 1 1 1 1 1 1 1 1 1 1 1 1 1 1 1 1 1 1 1 1 1 1 1 54 54 54 54 54 54 54 54 54 54 54 54 54 54 54 54 54 54 54 54 54 54 54 54 54 54 54 54 54 54 54 54 54 54 54 54 54 54 54 54 54 54 54 54 54 54 54 54 54 54 54 54 54
1 1 1 -1 -1 1 1 1 1 1 1 1 1 1 1 1 1 1 1 1 1 1 1 1 1 1 1 1 1 1 1 1 1 1 1 1 1 1 1 1 1 1 54 54 54 54 54 54 54 54 54 54 54 54 54 54 54 54 54 54 54 54 54 54 54 54 54 54 54 54 54 54 54 54 54 54 54 54 54 54 54 54 54 54 54 54 54 54 54 54 54 54 54 54 54 54
1 1 1 -1 -1 -1 -1 1 1 1 1 1 1 1 1 1 1 1 1 1 1 1 1 1 1 1 1 1 1 1 1 1 1 1 1 1 1 43 43 1 1 1 54 54 54 54 54 54 54 54 54 54 54 54 54 54 54 54 54 54 54 54 54 54 54 54 54 54 54 54 54 54 54 54 54 54 54 54 54 54 54 54 54 54 54 54 54 54 54 54 54 54 54 54 54 54
1 1 1 -1 -1 -1 -1 1 1 1 1 1 1 1 -1 -1 1 1 1 1 1 1 1 1 1 1 1 1 1 1 1 1 1 1 1 1 -1 43 -1 -1 -1 -1 54 -1 -1 -1 54 54 54 54 54 54 54 54 54 54 54 54 54 54 54 54 54 54 54 54 54 54 54 54 54 54 54 54 54 54 54 54 54 54 54 54 54 54 54 54 54 54 54 54 54 54 54 54 54 54
1 1 1 -1 -1 -1 -1 1 -1 -1 1 1 1 1 -1 -1 -1 1 1 1 1 1 1 1 1 1 1 1 1 1 1 1 1 1 1 1 -1 -1 -1 -1 -1 -1 54 -1 -1 -1 54 54 54 54 54 54 54 54 54 54 54 54 54 54 54 54 54 54 54 54 54 54 54 54 54 54 54 54 54 54 54 54 54 54 54 54 54 54 54 54 54 54 54 54 54 54 54 54 54 54
1 1 1 1 -1 -1 -1 6 -1 -1 1 1 1 -1 -1 -1 -1 1 1 1 1 1 1 1 1 1 1 1 1 1 1 1 1 -1 -1 -1 42 42 -1 -1 -1 -1 54 -1 -1 -1 -1 54 54 54 54 54 54 54 54 54 54 54 54 54 54 54 54 54 54 54 54 54 54 54 54 54 54 54 54 54 54 54 54 54 54 54 54 54 54 54 54 54 54 54 54 54 54 54 54 54
1 1 -1 -1 -1 -1 -1 6 -1 -1 1 1 -1 -1 -1 -1 -1 1 1 1 1 1 1 1 1 1 1 1 1 1 1 1 1 -1 -1 -1 -1 -1 -1 -1 -1 54 -1 -1 -1 -1 -1 54 54 54 54 54 54 54 54 54 54 54 54 54 54 54 54 54 54 54 54 54 54 54 54 54 54 54 54 54 54 54 54 54 54 54 54 54 54 54 54 54 54 54 54 54 54 54 54 54
1 -1 -1 -1 -1 -1 -1 6 -1 -1 1 -1 -1 -1 -1 -1 -1 -1 -1 1 1 1 1 1 1 1 1 1 1 1 1 1 1 1 -1 -1 -1 -1 -1 -1 -1 -1 54 -1 -1 -1 -1 -1 -1 -1 54 54 54 54 54 54 54 54 54 54 54 54 54 54 54 54 54 54 54 54 54 54 54 54 54 54 54 54 54 54 54 54 54 54 54 54 54 54 54 54 54 54 54 54 54 54
1 -1 -1 -1 -1 -1 -1 6 -1 6 -1 -1 -1 -1 -1 -1 -1 -1 -1 1 1 1 1 1 1 1 1 1 1 1 -1 -1 -1 -1 41 -1 -1 -1 -1 -1 -1 -1 54 -1 -1 -1 -1 -1 -1 -1 54 54 54 54 54 54 54 54 54 54 54 54 54 54 54 54 54 54 54 54 54 54 54 54 54 54 54 54 54 54 54 54 54 54 54 54 54 54 54 54 54 54 54 54 54 54
1 -1 -1 -1 -1 -1 -1 6 -1 -1 -1 -1 -1 16 -1 16 -1 1 1 1 1 1 1 1 1 1 1 1 1 1 -1 -1 -1 -1 -1 -1 -1 -1 -1 -1 -1 -1 -1 -1 -1 -1 -1 -1 54 54 54 54 54 54 54 -1 -1 -1 -1 54 54 54 54 54 54 54 54 54 54 54 54 54 54 54 54 54 54 54 54 54 54 54 54 54 54 54 54 54 54 54 54 54 54 54 54 54
1 -1 -1 -1 -1 -1 -1 6 -1 -1 -1 8 -1 -1 16 -1 1 1 1 1 1 1 1 1 1 1 1 1 1 1 -1 -1 -1 -1 -1 -1 -1 -1 -1 -1 -1 -1 -1 -1 -1 -1 -1 -1 54 54 54 54 54 -1 -1 -1 -1 -1 -1 54 54 54 54 54 54 54 54 54 54 54 54 54 54 54 54 54 54 54 54 54 54 54 54 54 54 54 54 54 54 54 54 54 54 54 54 54
1 -1 -1 -1 -1 -1 -1 -1 6 -1 -1 8 -1 -1 16 -1 1 1 1 1 1 1 1 1 1 1 1 1 1 1 -1 1 1 1 -1 -1 -1 -1 -1 -1 -1 -1 -1 -1 -1 -1 -1 54 54 54 54 54 54 -1 -1 -1 -1 -1 -1 54 54 54 54 54 54 54 54 54 54 54 54 54 54 54 54 54 54 54 54 54 54 54 54 54 54 54 54 54 54 54 54 54 54 54 54 54
1 -1 -1 -1 -1 -1 -1 6 -1 -1 -1 -1 -1 -1 -1 -1 1 1 1 1 1 1 1 1 1 1 1 1 1 1 1 1 1 1 -1 -1 -1 -1 -1 -1 -1 -1 50 -1 -1 -1 -1 54 54 54 54 54 54 -1 -1 -1 -1 -1 -1 -1 -1 -1 54 54 54 54 54 54 54 54 54 54 54 54 54 54 54 54 54 54 54 54 54 54 54 54 54 54 54 54 54 54 54 54 54 54
1 1 -1 -1 -1 -1 -1 6 -1 -1 -1 -1 -1 -1 -1 -1 1 1 1 1 1 1 1 1 1 1 1 1 1 1 1 -1 -1 -1 -1 -1 -1 -1 -1 -1 -1 50 50 -1 -1 62 62 -1 -1 54 54 54 54 -1 -1 -1 -1 -1 -1 -1 -1 -1 54 54 54 54 54 54 54 54 54 54 54 54 54 54 54 54 54 54 54 54 54 54 54 54 54 54 54 54 54 54 54 54 54 54
1 1 1 1 1 -1 -1 -1 6 -1 -1 -1 -1 -1 -1 -1 1 1 1 1 1 1 1 1 1 1 1 1 1 1 1 -1 -1 -1 1 1 1 -1 1 1 -1 -1 50 -1 -1 -1 -1 -1 -1 54 54 -1 -1 -1 76 76 76 76 76 -1 -1 -1 54 54 54 54 54 54 54 54 54 54 54 54 54 54 54 54 54 54 54 54 54 54 54 54 54 54 54 54 54 54 54 54 54 54
1 -1 -1 -1 -1 -1 -1 1 -1 -1 -1 -1 -1 -1 -1 -1 1 1 1 1 1 1 1 1 1 1 1 1 1 1 1 1 1 -1 1 1 1 1 1 -1 -1 49 53 -1 -1 -1 63 63 63 -1 -1 -1 -1 -1 76 76 76 76 -1 -1 -1 81 -1 -1 54 54 54 54 54 54 54 54 54 54 54 54 54 54 54 54 54 54 54 54 54 54 54 54 54 54 54 54 54 54 54 54
