old versions (Night of Science 2019)/dev/input/maps/LGrafAnalysis/patch-id-raster.asc
NCOLS 100
NROWS 100
XLLCORNER 0
YLLCORNER 0
CELLSIZE 50
NODATA_VALUE NaN
[rows 0 to 41 of 100, columns 0 to 94 of 100]
436 436 436 436 436 436 436 436 436 436 436 436 436 436 436 436 436 436 436 436 -1 -1 -1 -1 -1 -1 -1 -1 -1 -1 -1 437 437 437 437 437 437 437 437 437 437 437 437 437 437 437 437 437 437 437 437 437 437 437 437 437 437 437 437 437 437 437 437 437 437 437 437 437 437 437 437 437 437 437 437 437 437 437 437 437 381 377 377 464 47 439 439 439 439 439 439 439 439 439 439
436 436 436 436 436 436 436 436 436 436 436 436 436 436 436 436 436 436 436 436 -1 -1 -1 -1 437 -1 437 437 437 437 437 437 437 437 437 437 437 437 437 437 437 437 437 437 437 437 437 437 437 437 437 437 437 437 437 437 437 437 437 437 437 437 437 437 437 437 437 437 437 437 437 437 437 437 437 437 437 437 437 437 42 377 377 464 47 47 47 439 439 439 439 439 439 439 439
436 436 436 436 436 436 436 436 436 436 436 436 436 436 436 436 436 436 436 436 -1 -1 -1 -1 -1 437 -1 -1 -1 -1 -1 437 437 437 437 437 437 437 437 437 437 437 437 437 437 437 437 437 437 437 437 437 437 437 437 -1 -1 437 437 437 437 437 437 437 437 437 437 437 437 437 437 437 437 437 437 437 437 437 437 437 42 41 268 268 47 448 47 375 439 376 439 439 439 439 439
436 436 436 436 436 436 436 436 436 436 436 436 436 436 436 436 436 436 436 436 -1 -1 -1 -1 -1 437 -1 -1 -1 -1 -1 437 437 437 437 437 437 437 437 437 437 437 437 437 437 437 437 437 437 437 437 437 437 437 437 -1 -1 -1 -1 -1 -1 -1 -1 -1 -1 437 437 437 437 437 437 437 437 437 437 437 437 437 437 437 437 39 40 448 448 35 448 375 375 439 439 439 439 439 439
436 436 436 436 436 436 436 436 436 436 436 436 436 436 436 436 436 436 436 436 -1 -1 -1 -1 -1 436 -1 -1 -1 -1 -1 437 437 437 437 437 437 437 437 437 437 437 437 437 437 437 437 437 437 437 437 437 437 437 437 -1 -1 -1 -1 -1 -1 -1 -1 -1 -1 437 437 437 437 437 437 437 437 437 437 437 437 437 371 269 39 437 437 36 35 35 373 375 122 439 439 439 439 439 439
436 436 436 436 436 436 436 436 436 436 436 436 436 436 436 436 436 436 436 436 -1 -1 -1 -1 -1 436 -1 -1 -1 -1 -1 437 437 437 437 437 437 437 437 437 437 437 437 437 437 437 437 437 437 437 437 437 437 437 437 -1 -1 -1 -1 -1 -1 -1 -1 -1 -1 437 437 437 437 437 437 437 437 437 437 437 437 437 371 187 39 37 437 36 35 184 373 45 122 439 439 439 439 439 439
436 436 436 436 436 436 436 436 436 436 436 436 436 436 436 436 436 436 436 436 -1 -1 -1 -1 -1 -1 436 -1 -1 -1 -1 437 437 437 437 437 437 437 437 437 437 437 437 437 437 437 437 437 437 437 437 437 437 437 437 437 -1 -1 -1 -1 -1 -1 -1 -1 -1 437 437 437 437 437 437 437 437 437 437 437 437 437 437 187 34 34 -1 21 21 21 45 45 185 185 439 439 439 439 439
436 436 436 436 436 436 436 436 436 436 436 436 436 436 436 436 436 436 436 436 -1 -1 -1 -1 -1 -1 436 -1 -1 -1 -1 437 437 437 437 437 437 437 437 437 437 437 437 437 437 437 437 437 437 437 437 437 437 437 437 -1 437 -1 -1 -1 -1 -1 -1 -1 -1 437 437 437 437 -1 -1 -1 -1 -1 437 437 437 437 437 267 34 437 437 -1 43 43 43 48 48 439 439 439 439 439 439
436 436 436 436 436 436 436 436 436 436 436 436 436 436 436 436 436 436 436 436 -1 -1 -1 -1 -1 -1 436 -1 -1 -1 -1 437 437 437 437 437 437 437 437 437 437 437 437 437 437 437 437 437 437 437 437 437 437 437 437 -1 -1 437 -1 -1 -1 -1 -1 -1 -1 437 437 437 437 -1 -1 -1 -1 -1 437 437 437 437 437 370 437 44 22 437 43 43 476 476 476 439 439 439 439 439 439
436 436 436 436 436 436 436 436 436 436 436 436 436 436 436 436 436 436 436 436 436 436 436 436 -1 436 436 -1 -1 -1 -1 437 437 437 437 437 437 437 437 437 437 437 437 437 437 437 437 437 437 437 437 437 437 437 437 -1 437 -1 -1 -1 -1 -1 -1 -1 -1 437 440 440 -1 -1 -1 -1 -1 -1 437 437 437 437 370 437 46 369 22 22 440 374 266 266 439 439 439 439 439 439 439
436 436 436 436 436 436 436 436 436 436 436 436 436 436 436 436 436 436 436 436 436 436 436 436 436 -1 -1 436 -1 -1 -1 437 437 437 437 437 437 437 437 437 437 437 437 437 437 437 437 437 437 437 437 437 437 437 437 -1 437 -1 -1 -1 -1 -1 -1 -1 -1 437 440 440 -1 -1 -1 -1 440 440 440 437 437 437 437 370 186 97 121 49 188 440 439 439 439 439 439 439 439 439 439
436 436 436 436 436 436 436 436 436 436 436 436 436 436 436 436 436 436 436 436 436 436 436 436 -1 -1 -1 -1 437 -1 -1 437 437 437 437 437 437 437 437 437 437 437 437 437 437 437 437 437 437 437 437 437 437 437 437 -1 -1 444 -1 -1 -1 -1 -1 -1 -1 440 440 440 -1 -1 -1 -1 -1 -1 440 437 440 440 440 440 186 186 121 372 188 188 439 439 439 439 439 439 439 439 439
436 436 436 436 436 436 436 436 436 436 436 436 436 436 436 436 436 436 436 436 436 436 436 436 -1 -1 -1 -1 -1 437 -1 437 437 437 437 437 437 437 437 437 437 437 437 437 437 437 437 437 437 437 437 437 437 437 437 -1 -1 444 -1 -1 -1 -1 -1 -1 -1 440 440 440 -1 -1 -1 -1 -1 -1 440 440 440 440 440 379 379 440 121 378 440 440 380 440 439 439 439 439 439 439 439
436 436 436 436 436 436 436 436 436 436 436 436 436 436 436 436 436 436 436 436 436 436 436 436 -1 -1 -1 -1 -1 437 -1 437 437 437 437 437 437 437 437 437 437 437 437 437 437 437 437 437 437 437 437 437 437 437 437 -1 444 -1 -1 -1 -1 -1 -1 -1 440 440 440 440 -1 -1 -1 -1 440 440 440 440 440 440 440 379 379 440 440 440 440 440 440 440 440 439 439 439 439 439 439
436 436 436 436 436 436 436 436 436 436 436 436 436 436 436 436 436 436 436 436 436 436 436 436 436 436 436 436 436 437 437 437 437 437 437 437 437 437 437 437 437 437 437 437 437 437 437 437 437 437 437 437 437 437 437 444 444 444 444 444 444 444 444 440 440 440 440 440 440 440 440 440 440 440 440 440 440 440 440 440 440 440 440 440 440 440 440 440 440 440 439 439 439 439 439
436 436 436 436 436 436 436 436 436 436 436 436 436 436 436 436 436 436 436 436 436 436 436 436 436 436 436 436 436 436 437 437 437 437 437 437 437 437 437 437 437 437 437 437 437 437 437 437 437 437 437 437 437 437 437 437 444 444 444 444 444 444 444 440 440 440 440 440 440 440 440 440 440 440 440 440 440 440 440 440 440 440 440 440 440 440 440 440 440 440 439 439 439 439 439
436 436 436 436 436 436 436 436 436 436 436 436 436 436 436 436 436 436 436 436 436 436 436 436 436 436 436 436 436 436 436 436 437 437 437 135 135 437 437 437 437 437 437 437 437 437 437 437 437 437 437 437 437 437 437 444 444 444 444 444 444 444 444 440 440 440 440 440 440 440 440 440 440 440 440 440 440 440 440 440 440 440 440 440 440 440 440 440 440 440 439 439 439 439 439
436 436 436 436 436 436 436 436 436 436 436 436 436 436 436 436 436 436 436 436 436 436 436 436 436 436 436 436 436 436 436 436 252 437 437 135 135 437 437 437 437 437 437 437 437 437 437 437 437 437 437 437 437 437 437 444 444 444 444 444 444 444 444 440 440 440 440 440 440 440 440 440 440 440 440 440 440 440 440 440 440 440 440 440 440 440 440 440 440 439 439 439 439 439 439
436 436 436 436 436 436 436 436 436 436 436 436 436 436 436 436 436 436 436 436 436 436 436 436 436 436 436 436 436 436 436 436 252 252 437 135 437 135 437 437 437 437 437 437 437 437 437 437 437 437 437 437 437 437 437 437 444 444 440 440 444 444 444 440 440 440 440 440 440 440 440 440 440 440 440 440 440 440 440 440 440 440 440 440 440 440 440 440 440 440 439 439 439 439 439
436 436 436 436 436 436 436 436 436 436 436 436 436 436 436 436 436 436 436 436 436 436 436 436 436 436 436 436 436 436 -1 436 437 437 -1 437 -1 -1 -1 -1 437 437 437 437 437 437 437 437 437 437 437 437 437 437 437 437 437 444 440 440 440 440 444 440 440 440 440 440 440 440 440 440 440 440 440 440 440 440 440 440 440 440 440 440 440 440 440 440 440 440 439 439 439 439 439
436 436 436 436 436 436 436 436 436 436 436 436 436 436 436 436 436 436 436 436 436 436 436 436 436 436 436 436 436 398 -1 436 -1 -1 -1 -1 -1 -1 -1 -1 437 437 437 437 437 437 437 437 437 437 437 437 437 437 437 437 440 440 440 440 440 440 440 440 440 440 440 440 440 440 440 440 -1 -1 -1 -1 -1 -1 -1 -1 -1 -1 440 440 440 440 440 440 440 440 440 439 439 439 439
272 339 339 436 436 436 436 436 436 436 436 436 436 436 436 436 436 436 436 436 436 436 436 436 436 436 436 436 436 436 436 436 -1 -1 -1 -1 -1 -1 -1 -1 437 437 437 392 437 437 437 437 437 437 437 437 437 437 437 437 440 440 440 440 440 440 440 440 440 440 440 440 440 440 440 440 -1 -1 -1 -1 -1 -1 -1 -1 -1 -1 440 440 440 440 440 440 440 440 440 439 439 439 439
272 248 339 436 436 436 436 412 412 436 436 436 436 436 436 436 436 436 436 436 436 436 436 436 436 436 436 436 436 436 -1 -1 436 -1 -1 -1 -1 -1 -1 -1 235 235 235 392 437 437 437 437 437 437 437 437 437 437 437 437 440 440 440 440 440 -1 -1 -1 440 440 440 440 440 440 440 440 -1 -1 -1 -1 -1 -1 -1 -1 -1 -1 440 440 440 440 440 440 440 440 439 439 439 439 439
272 248 265 436 275 275 436 412 412 436 436 436 436 436 436 436 436 436 436 436 436 436 436 436 436 436 436 436 436 436 -1 -1 436 -1 -1 -1 -1 -1 -1 -1 235 235 235 237 237 437 437 437 437 437 437 437 437 437 437 437 437 440 440 440 440 -1 -1 -1 440 440 440 440 440 440 440 440 -1 -1 -1 -1 -1 -1 -1 -1 -1 -1 440 440 440 440 440 440 440 439 439 439 439 439 439
89 248 265 436 275 275 411 412 342 342 436 436 436 436 436 436 436 436 436 436 436 436 436 436 436 436 436 436 436 436 -1 -1 -1 436 -1 -1 -1 -1 -1 -1 -1 152 152 237 237 437 437 437 437 437 437 437 437 437 437 437 437 440 440 440 440 -1 -1 -1 440 440 440 440 440 440 440 440 -1 -1 -1 -1 -1 -1 -1 -1 -1 -1 440 440 440 440 440 440 440 440 440 439 439 439 439
89 89 90 244 436 258 258 258 342 457 457 457 436 445 445 436 436 436 436 436 436 436 436 436 436 436 436 436 436 436 -1 -1 -1 436 -1 -1 -1 -1 -1 -1 -1 473 152 234 234 437 437 437 437 437 437 437 437 437 437 437 437 440 440 440 440 -1 -1 -1 440 440 440 440 440 440 440 440 -1 -1 -1 -1 -1 -1 -1 -1 -1 -1 440 440 440 440 440 440 440 440 440 439 439 439 439
89 89 90 436 258 245 270 270 270 270 457 457 457 445 436 436 436 436 436 436 436 436 436 436 436 436 436 436 230 230 -1 -1 -1 -1 436 -1 -1 -1 -1 -1 -1 131 131 234 234 234 234 437 437 437 437 437 437 437 437 437 437 440 440 440 440 -1 440 440 440 440 440 440 440 440 440 440 -1 -1 -1 -1 -1 -1 -1 -1 -1 -1 440 440 440 440 440 440 440 440 440 439 439 439 439
89 89 -1 90 19 245 270 270 270 457 457 457 457 457 436 436 436 436 436 436 436 436 436 436 436 436 436 436 436 230 -1 -1 -1 -1 436 436 -1 -1 -1 -1 -1 131 473 473 234 234 437 437 437 437 437 437 437 437 437 437 437 440 440 440 440 440 440 440 440 440 440 440 440 434 440 440 440 440 -1 -1 -1 434 -1 -1 -1 440 440 440 440 440 440 440 440 440 440 439 439 439 439
242 242 242 -1 18 247 247 457 457 457 457 457 457 457 457 436 436 436 436 436 436 436 436 436 436 436 436 399 399 399 241 241 227 436 222 229 436 128 128 51 434 434 131 238 473 473 238 437 437 437 437 437 437 437 437 437 440 440 440 440 440 440 434 440 440 440 434 434 434 434 434 434 -1 -1 434 -1 434 -1 434 438 438 -1 440 438 438 440 440 440 440 440 440 439 439 439 439
242 242 434 20 18 247 247 273 273 457 457 457 457 457 457 436 436 436 436 436 436 436 436 436 436 436 436 436 397 399 241 241 222 222 222 223 132 436 -1 -1 51 129 129 129 238 238 238 238 434 437 434 434 434 434 437 434 434 440 434 440 434 434 434 434 434 434 434 434 434 434 434 434 -1 -1 -1 434 -1 -1 -1 -1 438 -1 438 438 438 438 438 440 384 440 440 440 439 439 439
264 246 434 263 263 263 271 273 273 319 457 457 457 436 436 436 436 436 436 436 436 436 436 436 436 436 436 436 397 397 249 249 249 155 155 55 55 54 53 434 51 125 125 221 240 240 240 434 434 434 434 434 434 434 434 434 434 434 434 434 434 434 434 434 434 434 434 434 434 434 434 434 -1 -1 434 434 -1 -1 -1 -1 438 -1 438 438 438 438 438 438 438 325 440 325 439 479 439
264 246 243 434 263 263 284 284 274 319 457 457 457 457 436 436 436 436 436 436 436 436 436 436 436 -1 -1 -1 -1 -1 -1 226 226 155 155 55 126 228 53 434 127 125 125 133 133 240 240 434 434 434 434 434 434 434 434 434 434 434 434 434 434 434 434 434 434 434 434 434 434 434 434 434 434 434 -1 -1 -1 -1 -1 -1 438 -1 438 438 438 438 351 351 351 438 325 313 409 310 310
264 246 434 338 434 338 284 284 274 457 457 457 457 457 457 436 436 436 436 436 436 436 436 436 436 -1 -1 -1 -1 -1 -1 226 226 396 153 393 126 228 443 127 434 130 133 133 434 240 240 434 434 434 434 434 434 434 434 434 434 434 434 434 434 434 434 434 434 434 434 434 434 434 434 434 434 434 434 434 434 434 434 434 434 434 438 438 438 351 351 351 351 325 478 313 409 478 310
434 434 341 434 340 434 434 434 434 434 457 457 457 457 451 451 465 436 436 436 436 436 436 436 436 -1 -1 -1 -1 -1 -1 250 226 396 153 443 126 443 219 231 434 130 130 434 239 434 434 434 434 -1 -1 -1 -1 -1 -1 434 434 434 434 434 434 434 434 434 434 434 434 434 434 434 434 434 434 434 434 434 434 434 434 434 434 434 438 438 318 318 466 343 327 305 478 292 292 362 181
434 434 434 434 434 434 434 434 434 434 434 457 -1 -1 -1 -1 465 465 436 436 436 436 436 436 436 -1 -1 -1 -1 -1 -1 250 460 460 443 443 443 231 231 231 220 434 434 154 251 434 434 434 434 -1 -1 -1 -1 -1 434 -1 434 434 434 434 434 434 434 434 434 434 434 434 434 434 434 434 434 434 434 434 434 434 434 434 434 434 360 438 318 318 466 343 327 456 305 292 292 167 181
434 434 434 434 434 434 434 434 434 434 434 -1 -1 -1 -1 -1 465 465 436 436 436 436 436 436 436 -1 -1 -1 -1 -1 -1 250 460 460 231 231 231 231 231 231 366 434 225 225 225 434 434 434 434 -1 -1 -1 -1 -1 -1 434 434 434 434 434 434 434 434 434 434 434 434 434 434 434 434 434 434 434 434 434 434 434 434 434 434 434 360 318 318 318 383 343 309 303 456 292 292 167 181
434 434 434 434 434 434 434 434 434 434 434 -1 -1 -1 -1 -1 465 465 465 436 436 436 436 436 436 -1 -1 -1 -1 -1 -1 462 460 367 367 367 233 236 232 232 366 366 434 434 434 434 434 434 434 -1 -1 -1 -1 -1 434 -1 434 434 434 434 434 434 434 434 434 434 434 434 434 434 434 434 434 434 434 434 434 434 434 434 434 359 359 358 488 315 315 315 315 303 299 456 182 167 160
434 434 434 434 434 434 434 434 434 434 434 -1 -1 -1 -1 -1 465 465 465 436 436 436 436 436 436 -1 -1 -1 468 468 434 434 434 367 367 367 236 236 434 232 366 366 368 434 434 434 434 434 434 -1 -1 -1 -1 -1 -1 434 434 434 434 434 434 434 434 434 434 434 434 434 434 434 434 434 434 434 434 434 434 434 434 434 434 359 359 358 358 490 315 315 315 303 303 182 456 182 160
434 434 434 434 434 434 434 434 434 434 434 -1 -1 -1 -1 -1 465 465 465 434 436 436 436 436 458 458 458 458 468 468 434 434 434 434 434 434 434 434 434 434 395 395 434 434 434 434 434 434 434 -1 -1 -1 -1 -1 -1 -1 434 434 434 434 434 434 434 434 434 434 434 434 434 434 434 434 434 434 434 434 434 434 434 434 434 434 434 348 348 300 300 315 216 216 157 304 456 77 77
434 434 434 434 434 434 434 434 434 434 434 -1 -1 -1 -1 465 465 434 465 434 434 434 434 434 -1 458 458 -1 -1 -1 -1 -1 -1 434 434 434 434 434 434 434 434 434 395 434 434 434 434 434 434 -1 -1 -1 -1 -1 -1 -1 434 434 434 434 434 434 434 434 434 434 434 434 434 434 434 434 434 434 434 434 434 434 434 434 434 434 334 334 312 300 300 293 216 216 157 157 456 77 77
434 434 434 434 434 434 434 434 434 434 434 -1 434 434 434 434 434 434 434 434 434 434 434 434 -1 -1 458 -1 -1 -1 -1 -1 -1 434 434 434 434 434 434 434 434 434 434 434 434 434 434 434 434 434 434 -1 -1 -1 -1 -1 434 434 434 434 434 434 434 434 434 434 434 434 434 434 434 434 434 434 434 434 434 434 434 434 434 434 334 334 312 489 300 293 88 88 157 157 456 77 77
434 434 434 434 434 434 434 434 434 434 434 434 434 434 434 434 434 434 434 434 434 434 434 434 -1 -1 458 -1 -1 -1 -1 -1 -1 434 434 434 434 434 434 434 434 434 434 434 434 434 434 434 434 434 434 434 434 434 434 434 434 434 434 434 434 434 434 434 434 434 434 434 434 434 434 434 434 434 434 434 434 434 434 434 434 434 434 357 357 189 189 189 88 88 73 73 456 286 30
