edu_versions/input/maps/EFForTS-LGraf/patch-id-raster.asc
NCOLS 100
NROWS 100
XLLCORNER 0
YLLCORNER 0
CELLSIZE 50
NODATA_VALUE NaN
[rows 0 to 42 of 100, columns 0 to 95 of 100]
281 281 281 281 281 281 281 281 281 281 281 281 281 281 281 281 281 281 281 281 281 281 281 281 281 281 281 281 281 281 281 281 281 281 281 281 281 281 281 281 281 279 279 279 279 279 279 279 279 279 279 279 279 279 279 279 279 279 279 279 279 279 279 279 279 279 279 279 279 279 279 279 279 279 279 279 279 279 279 279 279 279 279 279 279 279 279 279 279 279 279 279 279 279 279 279
281 281 281 281 281 281 281 281 281 281 281 281 281 281 281 281 281 281 281 281 281 281 281 281 281 281 281 281 281 281 281 281 281 281 281 281 281 281 281 281 281 279 279 279 279 279 279 279 279 279 279 279 279 279 279 279 279 279 279 279 279 279 279 279 279 279 279 279 279 279 279 279 279 279 279 279 279 279 279 279 279 279 279 279 279 279 279 279 279 279 279 279 279 279 279 279
281 281 281 281 281 281 281 281 281 281 281 281 281 281 281 281 281 281 281 281 281 281 281 281 281 281 281 281 281 281 281 281 281 281 281 281 281 281 281 281 279 279 279 279 279 279 279 279 279 279 279 279 279 279 279 279 279 279 279 279 279 279 279 279 279 279 279 279 279 279 279 279 279 279 279 279 279 279 279 279 279 279 279 279 279 279 279 279 279 279 279 279 279 279 279 279
281 281 281 281 281 281 281 281 281 281 281 281 281 281 281 281 281 281 281 281 281 281 281 281 281 281 281 281 281 281 281 281 281 281 281 281 281 281 281 281 279 279 279 279 279 279 279 279 279 279 279 279 279 279 279 279 279 279 279 279 279 279 279 279 279 279 279 279 279 279 279 279 279 279 279 279 279 279 279 279 279 279 279 279 279 279 279 279 279 279 279 279 279 279 279 279
281 281 281 281 281 281 281 281 281 281 281 281 281 281 281 281 281 281 281 281 281 281 281 281 281 281 281 281 281 281 281 281 281 281 281 281 281 281 281 281 279 279 279 279 279 279 279 279 279 279 279 279 279 279 279 279 279 279 279 279 279 279 279 279 279 279 279 279 279 279 279 279 279 279 279 279 279 279 279 279 279 279 279 279 279 279 279 279 279 279 279 279 279 279 279 279
281 281 281 281 281 281 281 281 281 281 281 212 212 212 155 290 290 290 290 189 189 189 281 281 281 281 281 281 281 281 281 281 281 281 281 281 281 281 281 281 279 279 279 279 279 279 279 279 279 279 279 279 279 279 279 279 279 279 279 279 279 279 279 279 279 279 279 279 279 279 279 279 279 279 279 279 279 279 279 279 279 279 279 279 279 279 279 279 279 279 279 279 279 279 279 279
281 281 281 281 281 281 281 281 281 281 281 212 212 212 337 155 290 290 189 189 189 189 281 281 281 281 281 281 281 281 281 281 281 281 281 281 281 281 281 281 281 279 279 279 279 279 279 279 279 279 279 279 279 279 279 279 279 279 279 279 279 279 279 279 279 279 279 279 279 279 279 279 279 279 279 279 279 279 279 279 279 279 279 279 279 279 279 279 279 279 279 279 279 279 279 279
281 281 281 281 281 277 277 281 281 281 281 212 156 337 337 155 290 290 189 189 189 189 281 281 281 281 281 281 281 281 281 281 281 281 281 281 281 281 216 216 216 216 279 279 279 279 279 279 279 279 279 279 279 279 279 279 279 279 279 279 279 279 279 279 279 279 279 279 279 279 279 279 279 279 279 279 279 279 279 279 279 279 279 278 278 278 278 279 279 279 279 279 279 279 279 279
281 281 277 277 277 277 277 277 277 281 214 281 281 156 58 58 290 59 189 189 189 189 281 281 281 281 281 281 281 281 281 281 281 281 281 86 86 86 216 216 216 216 279 279 279 279 279 279 279 279 279 279 279 279 279 279 279 279 279 279 279 279 279 279 279 279 279 279 279 279 279 279 279 279 279 279 279 279 279 279 279 278 278 278 278 278 278 278 278 279 279 279 279 279 279 279
281 281 277 277 277 277 277 277 277 277 277 214 214 -1 58 58 59 59 342 124 124 281 281 192 281 281 281 281 281 281 281 281 281 281 281 86 86 86 216 216 216 216 279 279 279 279 279 279 279 279 279 279 279 279 279 279 279 279 279 279 279 279 279 279 279 279 279 279 279 279 279 279 279 279 279 279 279 279 279 279 279 278 278 278 278 278 278 278 278 278 279 279 279 279 279 279
281 281 277 277 277 277 277 277 277 277 277 60 60 60 -1 59 59 59 342 124 124 122 122 192 192 192 281 281 281 281 281 281 281 281 281 86 323 323 216 216 216 216 279 279 279 279 279 279 279 279 279 279 279 279 279 279 279 279 279 279 279 279 279 279 279 279 279 279 279 279 279 279 279 279 279 279 279 279 279 279 278 278 278 278 278 278 278 278 278 278 278 279 279 279 279 279
281 281 281 277 277 277 277 277 277 277 277 60 60 301 301 -1 59 59 119 119 119 122 122 192 69 69 123 123 123 123 281 281 281 281 281 86 86 86 -1 323 35 35 279 279 279 279 279 279 279 279 279 279 279 279 279 279 279 279 279 279 279 279 279 279 279 279 279 279 279 279 279 279 279 279 279 279 279 279 278 278 278 278 278 278 278 278 278 278 278 278 278 279 279 279 279 279
281 277 277 277 277 277 277 277 277 277 213 213 213 117 117 117 -1 59 119 119 119 119 69 69 69 69 123 123 123 123 281 281 281 281 281 281 281 88 -1 -1 -1 35 279 0 279 197 279 279 279 279 279 279 279 279 279 279 279 279 279 279 279 279 279 279 279 279 279 279 279 279 279 279 279 279 279 279 279 278 278 278 278 278 278 278 278 278 278 278 278 278 278 279 279 279 279 279
277 277 277 277 277 277 277 277 277 277 213 213 213 120 120 120 -1 -1 119 119 119 119 69 69 69 69 123 123 123 123 281 281 281 281 281 281 88 88 281 281 102 -1 0 0 279 197 87 87 87 279 279 279 279 279 279 279 279 279 279 279 279 279 279 279 279 279 279 279 279 279 279 279 279 279 279 279 278 278 278 278 278 278 278 278 278 278 278 278 278 278 278 278 278 279 279 279
340 340 277 277 277 277 277 277 277 277 277 277 188 188 118 118 291 41 -1 338 71 71 69 69 69 69 123 123 123 123 281 281 281 281 281 281 281 281 281 281 102 173 -1 196 196 197 87 87 87 279 279 279 279 279 279 279 279 279 279 279 279 279 279 279 279 279 279 279 279 279 279 279 279 279 279 279 278 278 278 278 278 278 278 278 278 278 278 278 278 278 278 278 278 278 279 279
277 277 277 277 277 277 277 277 277 277 277 215 215 215 118 118 121 41 41 -1 71 71 -1 19 19 219 331 331 195 195 195 195 281 281 281 281 173 173 173 173 173 173 -1 -1 279 279 279 279 279 279 279 279 279 279 279 279 279 279 279 279 279 279 279 279 279 279 279 279 279 279 279 279 279 279 279 279 44 278 278 278 278 278 278 278 278 278 278 278 278 278 278 278 278 278 279 279
277 277 277 277 277 277 277 277 277 277 277 215 215 215 121 121 121 41 41 325 -1 -1 18 -1 331 70 331 70 331 331 277 277 281 281 277 277 281 281 204 281 281 173 -1 56 56 56 87 87 87 279 279 279 279 279 279 279 279 279 279 279 279 279 279 279 279 279 279 279 279 279 107 107 107 107 279 279 44 278 278 278 278 278 278 278 278 278 278 278 278 278 278 278 278 278 278 278
277 277 277 277 277 277 277 277 277 277 277 215 215 215 215 277 121 218 304 325 17 17 18 18 19 331 70 331 70 195 195 195 277 277 277 277 204 204 281 204 95 -1 55 56 56 56 94 94 94 279 279 279 279 279 279 279 279 279 279 279 279 279 279 279 279 279 279 279 279 279 107 107 107 107 44 295 44 34 34 278 278 278 278 278 278 278 278 278 278 278 278 278 278 278 278 278
277 277 277 277 277 277 277 277 277 277 277 215 215 215 215 277 218 218 304 17 17 17 18 18 18 68 70 70 70 277 277 195 277 277 277 277 204 204 204 204 95 95 -1 56 56 56 94 94 94 279 279 279 279 279 279 279 279 279 279 279 279 279 279 279 279 279 279 279 279 279 107 107 107 107 295 295 34 34 34 278 278 278 278 278 278 278 278 278 278 278 278 278 278 278 278 278
277 277 277 277 277 277 277 277 277 277 277 215 215 277 277 277 218 293 293 17 17 67 67 67 222 68 68 70 70 277 277 277 277 277 277 277 277 205 360 54 54 54 -1 56 56 56 56 297 6 6 6 279 279 279 279 279 279 279 279 279 279 279 279 279 279 279 279 279 279 279 279 279 279 279 279 33 33 45 45 45 45 278 278 278 278 278 278 278 278 278 278 278 278 278 278 278
277 277 277 277 277 277 277 277 277 277 277 277 277 277 277 220 277 221 221 221 284 67 67 67 222 222 222 70 193 193 277 277 277 277 277 277 277 205 205 54 54 54 -1 316 5 172 172 297 6 6 6 279 279 279 171 171 279 279 279 279 279 279 279 279 279 279 279 279 279 279 108 108 108 43 43 -1 33 45 45 45 45 278 278 278 278 278 278 278 278 278 278 278 278 278 278 278
277 277 277 277 277 277 277 277 277 277 277 277 277 277 277 277 277 277 221 221 284 194 277 67 222 222 277 193 193 193 277 277 277 277 277 277 277 277 277 277 12 96 -1 316 5 5 5 211 6 6 6 166 166 171 171 171 279 279 279 279 279 279 279 279 279 279 279 110 110 110 110 108 108 43 42 -1 33 278 45 45 45 278 278 278 278 278 278 278 278 278 278 278 278 278 278 278
277 277 277 277 277 277 277 277 277 277 277 277 277 277 277 277 277 221 221 277 194 194 277 277 277 277 277 193 277 277 277 277 277 277 277 277 277 96 96 96 96 96 -1 274 5 5 5 211 6 6 6 166 166 166 306 167 170 170 279 279 279 279 279 279 279 279 279 110 110 110 110 108 108 42 42 275 -1 278 278 278 278 278 278 278 278 278 278 278 278 278 278 278 278 278 278 278
277 277 277 277 277 277 277 277 277 277 277 277 277 277 277 277 277 277 277 277 194 194 277 277 277 277 277 277 277 277 277 277 277 277 277 277 277 277 277 277 277 -1 274 274 5 5 5 355 -1 -1 -1 -1 306 306 165 306 306 279 279 279 279 275 275 279 279 279 275 275 275 275 110 275 275 275 275 109 109 278 278 278 278 278 278 278 278 278 278 278 278 278 278 278 278 278 278 278
277 277 277 277 277 277 277 277 277 277 277 277 277 277 277 277 277 277 277 277 277 277 277 277 277 277 277 277 277 277 277 277 277 277 277 277 190 190 190 190 66 66 -1 285 5 5 5 -1 25 25 164 164 165 165 165 306 167 167 275 275 275 275 275 275 275 275 275 275 110 110 275 275 275 275 275 109 109 109 109 278 278 278 278 278 278 278 278 278 278 278 278 278 278 278 278 278
277 277 277 277 277 277 277 277 277 277 277 277 277 277 277 277 277 277 277 277 277 277 277 277 277 277 277 277 277 277 277 277 277 277 277 277 190 190 190 190 66 66 -1 285 -1 -1 -1 26 26 168 168 164 165 165 165 306 241 241 275 275 275 275 275 275 275 275 275 275 110 275 110 275 275 275 275 275 275 275 275 275 275 278 278 278 278 278 278 278 278 278 278 278 278 278 278 278
277 277 277 277 277 277 277 277 277 277 277 277 277 277 277 277 277 277 277 277 277 277 277 277 277 277 277 277 277 277 277 277 277 277 191 191 191 180 180 180 179 66 344 -1 4 4 327 26 26 168 168 169 165 165 306 306 306 241 238 275 275 275 275 275 275 275 275 275 275 275 275 275 275 275 275 275 275 275 275 275 275 278 278 278 278 278 278 278 278 278 278 278 278 278 278 278
277 277 277 277 277 277 277 277 277 277 277 277 277 277 277 277 277 277 277 277 277 277 277 277 277 277 277 277 277 277 277 277 277 277 191 191 275 275 180 180 179 179 344 203 4 207 206 206 206 168 168 169 169 306 306 306 306 241 238 238 238 275 275 275 275 275 275 275 275 275 275 275 275 275 275 275 275 275 275 275 278 278 278 278 278 278 278 278 278 278 278 278 278 278 278 278
277 277 277 277 277 277 277 277 277 277 277 277 277 277 277 277 277 277 277 277 277 277 277 277 277 277 277 277 277 277 277 277 277 277 277 277 275 275 180 180 179 179 179 319 229 229 206 206 206 168 209 208 306 306 306 237 237 275 238 238 238 275 275 275 275 275 275 275 275 275 275 275 275 275 275 275 275 275 275 275 278 278 278 278 278 278 278 278 278 278 278 278 278 278 278 278
277 277 277 277 277 277 277 277 277 277 277 277 277 277 277 277 277 277 277 277 277 277 277 277 277 277 277 277 277 277 277 277 277 277 277 277 275 275 277 277 179 179 319 179 229 229 206 206 359 209 209 208 208 306 306 237 275 237 275 275 275 275 275 275 275 275 275 275 275 275 275 275 275 275 275 275 275 275 275 275 275 278 278 278 278 278 278 278 278 278 278 278 278 278 278 278
277 277 277 277 277 277 277 277 277 277 277 277 277 277 277 277 277 277 277 277 277 277 277 277 277 277 277 277 277 277 277 277 277 277 277 277 277 277 277 230 230 312 319 319 229 231 231 232 232 209 209 208 208 233 233 237 275 237 275 275 275 275 275 275 275 275 275 275 275 275 275 275 275 275 275 275 275 275 275 275 278 278 278 278 278 278 278 278 278 278 278 278 278 278 278 278
277 277 277 277 277 277 277 277 277 277 277 277 277 277 277 277 277 277 277 277 277 277 277 277 277 277 277 277 277 277 277 277 277 277 277 277 277 277 277 230 230 268 268 319 357 231 231 232 232 210 210 210 210 233 233 233 275 275 275 275 275 275 275 275 275 275 275 275 275 275 275 275 275 275 275 275 275 275 275 275 278 278 278 278 278 278 278 278 278 278 278 278 278 278 278 278
277 277 277 277 277 277 277 277 277 277 277 277 277 277 277 277 277 277 277 277 277 277 277 277 277 277 277 277 277 277 277 277 277 277 277 277 277 277 277 277 277 277 277 277 234 234 234 232 232 210 210 210 210 233 233 233 275 275 275 275 275 275 275 275 275 275 275 275 275 275 275 275 275 275 275 275 275 275 275 275 278 278 278 278 278 278 278 278 278 278 278 278 278 278 278 278
277 277 277 277 277 277 277 277 277 277 277 277 277 277 277 277 277 277 277 277 277 277 277 277 277 277 277 277 277 277 277 277 277 277 277 277 277 277 277 277 277 277 277 235 234 234 234 330 232 210 210 210 210 275 275 275 275 275 275 275 275 275 275 275 275 275 275 275 275 275 275 275 275 275 275 275 275 275 275 275 278 278 278 278 278 278 278 278 278 278 278 278 278 278 278 278
277 277 277 277 277 277 277 277 277 277 277 277 277 277 277 277 277 277 277 277 277 277 277 277 277 277 277 277 277 277 277 277 277 277 277 277 277 277 277 277 277 277 277 235 235 242 242 236 236 210 210 210 210 275 275 275 275 275 275 275 275 275 275 275 275 275 275 275 275 275 275 275 275 275 275 275 275 275 275 275 275 278 278 278 278 278 278 278 278 278 278 278 278 278 278 278
277 277 277 277 277 277 277 277 277 277 277 277 277 277 277 277 277 277 277 277 277 277 277 277 277 277 277 277 277 277 277 277 277 277 277 277 277 277 277 334 334 239 277 277 235 242 330 236 236 243 275 275 275 275 275 275 275 275 275 275 275 275 275 275 275 275 275 275 275 275 275 275 275 275 275 275 275 275 275 275 275 278 278 278 278 278 278 278 278 278 278 278 278 278 275 278
277 277 277 277 277 277 277 277 277 277 277 277 277 277 277 277 277 277 277 277 277 277 277 277 277 277 277 277 277 277 277 277 277 277 277 277 277 277 240 240 240 277 277 244 330 330 244 275 275 243 243 275 275 275 275 275 275 275 275 275 275 275 275 275 275 275 275 275 275 275 275 275 275 275 275 275 275 275 275 275 275 278 278 278 278 278 278 278 278 278 278 278 278 275 275 275
277 277 277 277 277 277 277 277 277 277 277 277 277 277 277 277 277 277 277 277 277 277 277 277 277 277 277 277 277 277 277 277 277 277 277 277 277 277 240 240 240 277 277 244 244 244 244 275 275 275 275 275 275 275 275 275 275 275 275 275 275 275 275 275 275 275 275 275 275 275 275 275 275 275 275 275 275 275 275 275 275 275 278 278 278 278 278 278 278 278 278 275 275 275 275 275
277 277 277 277 277 277 277 277 277 277 277 277 277 277 277 277 277 277 277 277 277 277 277 277 277 277 277 277 277 277 277 277 277 277 277 277 277 277 277 240 240 277 277 244 244 275 275 275 275 275 275 275 275 275 275 275 275 275 275 275 275 275 275 275 275 275 275 275 275 275 275 275 275 275 275 275 275 275 275 275 275 275 275 278 278 278 278 278 278 278 275 275 275 275 275 275
277 277 277 277 277 277 277 277 277 277 277 277 277 277 277 277 277 277 277 277 277 277 277 277 277 277 277 277 277 277 277 277 277 277 277 277 277 277 277 277 277 277 275 275 275 275 275 275 275 275 275 275 275 275 275 275 275 275 275 275 275 275 275 275 275 275 275 275 275 275 275 275 275 275 275 275 275 275 275 275 275 275 275 275 275 275 275 275 278 275 275 275 275 275 275 275
277 277 277 277 277 277 277 277 277 277 277 277 277 277 277 277 277 277 277 277 277 277 277 277 277 277 277 277 277 277 277 277 277 277 277 277 277 277 277 277 277 277 275 275 275 275 275 275 275 275 275 275 275 275 275 275 275 275 275 275 275 275 275 275 275 275 275 275 275 275 275 275 275 275 275 275 275 275 275 275 275 275 275 275 275 275 275 275 275 275 275 275 275 275 275 275
277 277 277 277 277 277 277 277 277 277 277 277 277 277 277 277 277 277 277 277 277 277 277 277 277 277 277 277 277 277 277 277 277 277 277 277 277 277 277 277 277 277 277 275 275 275 275 275 275 275 275 275 275 275 275 275 275 275 275 275 275 275 275 275 275 275 275 275 275 275 275 275 275 275 275 275 275 275 275 275 275 275 275 275 275 275 275 275 275 275 275 275 275 275 275 275
277 277 277 277 277 277 277 277 277 277 277 277 277 277 277 277 277 277 277 277 277 277 277 277 277 277 277 277 277 277 277 277 277 277 277 277 277 277 277 277 277 277 277 275 275 275 275 275 275 275 275 275 275 275 275 275 275 275 275 275 275 275 275 275 275 275 275 275 275 275 275 275 275 275 275 275 275 275 275 275 275 275 275 275 275 275 275 275 275 275 275 275 275 275 275 275
