edu_versions/input/maps/EFForTS-LGraf/patch-id-raster.asc
NCOLS 100
NROWS 100
XLLCORNER 0
YLLCORNER 0
CELLSIZE 50
NODATA_VALUE NaN
[rows 43 to 85 of 100, columns 0 to 95 of 100]
277 277 277 277 277 277 277 277 277 277 277 277 277 277 277 277 277 277 277 277 277 277 277 277 277 277 277 277 277 277 277 277 277 277 277 277 277 277 277 277 277 277 275 275 275 275 275 275 275 275 275 275 275 275 275 275 275 275 275 275 275 275 275 275 275 275 275 275 275 275 275 275 275 275 275 275 275 275 275 275 275 275 275 275 275 275 275 275 275 275 275 275 275 275 275 275
277 277 277 145 145 277 277 277 277 277 277 277 277 277 277 277 277 277 277 277 277 277 277 277 277 277 277 277 277 277 277 277 277 277 277 277 277 277 277 277 277 277 277 275 275 275 275 275 275 275 275 275 275 275 275 275 275 275 275 275 275 275 275 275 275 275 275 275 275 275 275 275 275 275 275 275 275 275 275 275 275 275 275 275 275 275 275 275 275 275 275 275 275 275 275 275
277 277 277 145 145 145 145 277 277 277 277 277 277 277 277 277 277 277 277 277 277 277 277 277 277 277 277 277 277 277 277 277 277 277 277 277 277 277 277 277 277 275 275 275 275 275 275 275 275 275 275 275 275 275 275 275 275 275 275 275 275 275 275 275 275 275 275 275 275 275 275 275 275 275 275 275 275 275 275 275 275 275 275 275 275 275 275 275 275 275 275 275 275 275 275 275
277 277 277 145 145 145 145 277 277 277 277 277 277 277 267 267 277 277 277 277 277 277 277 277 277 277 277 277 277 277 277 277 277 277 277 277 186 347 187 187 224 224 275 227 227 227 275 275 275 275 275 275 275 275 275 275 275 275 275 275 275 275 275 275 275 275 275 275 275 275 275 275 275 275 275 275 275 275 275 275 275 275 275 275 275 275 275 275 275 275 275 275 275 275 275 275
277 277 277 145 145 145 145 277 139 139 277 277 277 277 267 267 267 277 277 277 277 277 277 277 277 277 277 277 277 277 277 277 277 277 277 277 186 186 187 187 224 224 275 227 227 227 275 275 275 275 275 275 275 275 275 275 275 275 275 275 275 275 275 275 275 275 275 275 275 275 275 275 275 275 275 275 275 275 275 275 275 275 275 275 275 275 275 275 275 275 275 275 275 275 275 275
277 277 277 277 273 273 273 277 139 139 277 277 277 138 267 267 267 277 277 277 277 277 277 277 277 277 277 277 277 277 277 277 277 217 217 217 321 321 79 79 184 184 275 184 184 227 227 275 275 275 275 275 275 275 275 275 275 275 275 275 275 275 275 275 275 275 275 275 275 275 275 275 275 275 275 275 275 275 275 275 275 275 275 275 275 275 275 275 275 275 275 275 275 275 275 275
277 277 146 141 141 141 273 288 139 139 277 277 137 138 267 267 267 277 277 277 277 277 277 277 277 277 277 277 277 277 277 277 277 217 217 217 40 40 79 79 184 275 20 20 223 223 223 275 275 275 275 275 275 275 275 275 275 275 275 275 275 275 275 275 275 275 275 275 275 275 275 275 275 275 275 275 275 275 275 275 275 275 275 275 275 275 275 275 275 275 275 275 275 275 275 275
277 149 146 141 141 141 127 288 127 139 277 128 137 137 137 272 272 272 272 277 277 277 277 277 277 277 277 277 277 277 277 277 277 277 217 217 40 40 40 40 40 20 275 20 223 223 226 226 226 226 275 275 275 275 275 275 275 275 275 275 275 275 275 275 275 275 275 275 275 275 275 275 275 275 275 275 275 275 275 275 275 275 275 275 275 275 275 275 275 275 275 275 275 275 275 275
277 149 149 149 141 141 127 288 127 288 128 128 -1 137 137 272 272 272 272 277 277 277 277 277 277 277 277 277 277 277 228 228 228 228 336 77 40 40 40 40 40 20 275 20 223 223 226 226 226 226 275 275 275 275 275 275 275 275 275 275 275 275 275 275 275 275 275 275 275 275 275 275 275 275 275 275 275 275 275 275 275 275 275 275 275 275 275 275 275 275 275 275 275 275 275 275
277 149 149 149 141 141 127 288 127 126 126 -1 131 277 131 277 272 277 277 277 277 277 277 277 277 277 277 277 277 277 228 228 228 77 77 77 40 40 40 40 40 76 -1 20 50 53 53 53 275 275 275 275 275 275 275 255 255 255 255 275 275 275 275 275 275 275 275 275 275 275 275 275 275 275 275 275 275 275 275 275 275 275 275 275 275 275 275 275 275 275 275 275 275 275 275 275
277 149 149 149 147 147 129 288 140 -1 -1 309 131 131 314 271 277 277 277 277 277 277 277 277 277 277 277 277 277 277 228 228 228 77 77 77 -1 -1 -1 -1 -1 -1 225 -1 50 53 53 53 275 275 275 275 275 255 255 255 255 255 255 275 275 275 275 275 275 275 275 275 275 275 275 275 275 275 275 275 275 275 275 275 275 275 275 275 275 275 275 275 275 275 275 275 275 275 275 275
277 136 136 136 136 136 136 136 277 11 11 309 131 131 314 271 277 277 277 277 277 277 277 277 277 277 277 277 277 277 228 277 277 277 78 78 78 16 16 16 16 80 -1 50 50 53 53 275 275 275 275 275 275 255 255 255 255 255 255 275 275 275 275 275 275 275 275 275 275 275 275 275 275 275 275 275 275 275 275 275 275 275 275 275 275 275 275 275 275 275 275 275 275 275 275 275
277 136 136 136 136 136 136 277 11 11 11 125 125 135 135 135 277 277 277 277 277 277 277 277 277 277 277 277 277 277 277 277 277 277 78 78 78 16 16 16 16 80 311 15 15 53 53 275 275 275 275 275 275 255 255 255 255 255 255 254 254 254 275 275 275 275 275 275 275 275 275 275 275 275 275 275 275 275 275 275 275 275 275 275 275 275 275 275 275 275 275 275 275 275 275 275
277 277 143 143 143 130 130 277 130 132 132 132 125 135 135 135 277 277 277 277 277 277 277 277 277 277 277 277 277 277 277 185 185 185 78 78 78 270 16 16 16 311 311 15 15 343 343 52 52 275 275 275 275 255 255 255 255 255 255 254 254 254 275 275 275 275 275 275 275 275 275 275 275 275 275 275 275 275 275 275 275 275 275 275 275 275 275 275 275 275 275 275 275 275 275 275
277 277 277 277 277 130 130 130 277 132 132 132 135 135 135 135 277 277 277 277 277 277 277 277 277 277 277 277 277 277 277 185 185 185 277 277 277 270 277 277 75 75 311 15 15 15 52 52 52 275 275 177 177 177 308 308 308 308 308 254 254 254 275 275 275 275 275 275 275 275 275 275 275 275 275 275 275 275 275 275 275 275 275 275 275 275 275 275 275 275 275 275 275 275 275 275
277 133 133 133 133 133 130 277 130 132 132 132 134 134 134 134 277 277 277 277 277 277 277 277 277 277 277 277 277 277 277 277 277 185 277 277 277 277 277 51 51 333 298 15 15 15 320 320 320 263 263 177 177 177 308 308 308 308 252 252 252 351 253 253 275 275 275 275 275 275 275 275 275 275 275 275 275 275 275 275 275 275 275 275 275 275 275 275 275 275 275 275 275 275 275 275
277 133 133 133 133 133 148 277 148 132 132 132 134 134 134 134 277 277 277 277 277 277 277 277 277 277 277 277 277 277 277 277 277 277 277 277 277 277 277 51 51 51 298 15 15 15 320 320 199 199 263 177 177 177 308 308 308 308 252 252 252 253 253 253 246 275 275 275 275 275 275 275 275 275 275 275 275 275 275 275 275 275 275 275 275 275 275 275 275 275 275 275 275 275 275 275
277 133 133 133 133 133 142 277 142 142 142 277 134 134 134 134 134 277 277 277 277 277 277 277 277 277 277 64 277 62 62 277 277 277 277 277 277 277 277 277 277 277 298 298 200 200 116 320 199 199 329 177 111 111 308 308 181 335 252 252 252 249 249 253 246 246 275 275 275 275 275 275 275 275 275 275 275 275 275 275 275 275 275 275 275 275 275 275 275 275 275 275 275 275 275 275
277 133 133 144 144 144 277 142 142 142 142 277 134 134 134 134 134 277 277 277 277 277 153 153 277 277 277 64 277 62 62 277 277 277 277 277 277 277 277 277 277 277 298 200 200 200 116 114 199 199 329 111 111 111 22 22 181 335 181 252 252 249 249 348 246 275 275 275 275 275 275 275 275 275 275 275 275 275 275 275 275 275 275 275 275 275 275 275 275 275 275 275 275 275 276 276
277 277 277 144 144 144 142 277 142 142 142 277 134 134 134 134 134 277 277 277 277 277 65 65 65 65 65 64 61 62 277 277 277 277 277 277 277 277 277 277 277 277 298 200 200 114 114 114 198 300 3 3 3 3 22 22 181 335 181 47 47 249 175 175 246 246 275 275 275 275 275 275 275 275 275 275 275 275 275 275 275 275 275 275 275 275 275 276 275 275 275 275 276 276 276 276
277 277 277 144 144 144 277 142 142 142 142 277 277 277 277 277 277 277 277 277 277 277 65 65 65 65 -1 61 61 277 277 277 277 277 277 277 277 277 277 277 277 277 200 200 200 114 114 114 198 198 3 3 3 3 22 318 318 27 27 47 47 354 48 48 82 82 275 275 275 275 275 275 275 275 275 275 275 275 275 275 275 275 275 275 275 275 275 276 276 275 275 276 276 276 276 276
277 277 277 144 144 142 142 277 142 142 142 277 277 277 277 277 277 277 257 257 257 277 65 65 65 65 -1 307 57 277 277 277 277 277 277 277 277 277 277 30 277 30 30 30 24 24 24 24 198 198 3 3 3 310 310 -1 335 27 27 47 47 354 48 48 82 82 275 151 151 275 275 275 275 275 275 275 275 275 275 275 275 275 275 275 275 275 276 276 276 276 276 276 276 276 276 276
277 277 277 144 277 142 142 142 277 142 142 277 277 277 277 277 277 277 277 277 152 152 65 65 65 65 353 -1 57 277 277 277 277 277 277 277 277 113 113 113 113 277 30 30 24 24 24 24 198 -1 3 -1 -1 -1 -1 296 -1 -1 -1 -1 -1 -1 -1 -1 81 276 276 276 276 275 275 276 275 276 356 276 275 276 275 276 275 276 276 276 276 276 276 276 276 276 276 276 276 276 276 276
277 277 277 277 277 277 277 277 277 277 277 277 277 277 277 277 277 277 277 277 152 152 152 73 73 73 -1 350 63 63 63 277 277 277 277 277 277 113 113 113 113 29 292 30 24 24 24 24 -1 358 -1 2 2 2 106 106 296 176 176 176 174 174 1 1 -1 81 276 276 276 276 276 276 276 276 276 276 276 276 276 276 276 276 276 276 276 276 276 276 276 276 276 276 276 276 276 276
277 277 277 277 277 277 277 277 277 277 277 277 277 277 277 277 277 277 277 256 256 256 256 73 73 -1 74 74 74 63 63 277 277 277 277 277 277 113 113 31 31 28 -1 292 -1 -1 -1 -1 112 21 21 2 2 286 106 106 296 176 176 176 174 174 1 1 313 313 276 276 276 276 276 276 276 276 276 276 276 276 276 276 276 276 276 276 276 276 276 276 276 276 276 276 276 276 276 276
277 277 277 277 277 277 277 277 277 277 277 277 277 277 277 277 277 277 277 256 256 256 202 202 72 72 -1 74 74 201 201 201 277 277 277 277 115 115 115 31 31 28 28 -1 14 14 112 112 112 21 21 23 23 23 23 106 286 178 176 174 174 174 247 247 313 81 276 276 276 276 276 276 276 276 276 276 276 276 276 276 276 276 276 276 276 276 276 276 276 276 276 276 276 276 276 276
277 277 277 277 277 277 277 277 277 277 277 277 277 277 277 277 277 277 277 256 256 256 277 183 183 72 -1 74 74 259 201 201 277 277 277 277 115 115 115 31 31 28 28 303 28 14 38 38 104 21 21 23 23 23 23 106 286 178 176 174 174 174 247 247 247 276 276 276 276 276 276 276 276 276 276 276 276 276 276 276 276 276 276 276 276 276 276 276 276 276 276 276 276 276 276 276
277 277 277 277 277 277 277 277 277 277 277 277 277 277 277 277 277 277 277 256 256 256 277 183 183 -1 277 258 74 259 259 277 277 277 277 277 277 261 261 261 32 32 303 39 39 346 38 38 305 305 105 23 23 182 182 286 178 178 245 245 245 276 276 247 247 276 276 276 276 276 276 276 276 276 276 276 276 276 276 276 276 276 276 276 276 276 276 276 276 276 276 276 276 276 276 276
277 277 277 277 277 277 277 277 277 277 277 277 277 277 277 277 277 277 277 277 277 277 277 277 277 277 277 258 258 259 259 259 277 277 277 277 277 261 261 261 32 32 303 39 39 85 85 85 85 85 105 105 105 182 182 182 286 178 250 245 245 276 276 276 276 276 276 276 276 276 276 276 276 276 276 276 276 276 276 276 276 276 276 276 276 276 276 276 276 276 276 276 276 276 276 276
277 277 277 277 277 277 277 277 277 277 277 277 277 277 277 277 277 277 277 277 277 277 277 277 277 277 277 277 269 269 269 277 277 277 277 277 277 261 261 261 303 32 283 260 84 85 85 85 85 85 105 262 262 182 182 182 182 182 250 250 250 276 276 276 276 276 276 276 276 276 276 276 276 276 276 276 276 276 276 276 276 276 276 276 276 276 276 276 276 276 276 276 276 276 276 276
277 277 277 277 277 277 277 277 277 277 277 277 277 277 277 277 277 277 277 277 277 277 277 277 277 277 277 277 277 277 277 277 277 277 277 266 266 266 265 265 260 260 283 260 84 84 85 85 85 85 276 276 276 182 182 182 182 182 250 250 276 276 276 276 276 276 276 276 276 276 276 276 276 276 276 276 276 276 276 276 276 276 276 276 276 276 276 276 276 276 276 276 276 276 276 276
277 277 277 277 277 277 277 277 277 277 277 277 277 277 277 277 277 277 277 277 277 277 277 277 277 277 277 277 277 277 277 277 277 277 266 266 266 266 265 265 265 283 283 251 251 251 85 85 85 85 276 276 276 276 276 276 248 248 276 276 276 276 276 276 276 276 276 276 276 276 276 276 276 276 276 276 276 276 276 276 276 276 276 276 276 276 276 276 276 276 276 276 276 276 276 276
277 277 277 277 277 277 277 277 277 277 277 277 277 277 277 277 277 277 277 277 277 277 277 277 277 277 277 277 277 277 277 277 277 277 266 266 266 266 265 265 265 283 276 276 251 251 85 276 276 276 276 276 276 276 276 276 248 248 276 276 276 276 276 276 276 276 276 276 276 276 276 276 276 276 276 276 276 276 276 276 276 276 276 276 276 276 276 276 276 276 276 276 276 276 276 276
277 277 277 277 277 277 277 277 277 277 277 277 277 277 277 277 277 277 277 277 277 277 277 277 277 277 277 277 277 277 277 277 277 277 266 266 266 266 265 277 277 277 276 276 264 264 276 276 276 276 276 276 276 276 276 276 276 276 276 276 276 276 276 276 276 276 276 276 276 276 276 276 276 276 276 276 276 276 276 276 276 276 276 276 276 276 276 276 276 276 276 276 276 276 276 276
277 277 277 277 277 277 277 277 277 277 277 277 277 277 277 277 277 277 277 277 277 277 277 277 277 277 277 277 277 277 277 277 277 277 277 277 277 277 277 277 277 277 276 276 264 276 276 276 276 276 276 276 276 276 276 276 276 276 276 276 276 276 276 276 276 276 276 276 276 276 276 276 276 276 276 276 276 276 276 276 276 276 276 276 276 276 276 276 276 276 276 276 276 276 276 276
277 277 277 280 280 280 277 277 277 277 280 280 280 277 277 277 277 277 277 277 277 277 277 277 277 277 277 277 277 277 277 277 277 277 277 277 277 277 277 277 277 277 276 276 276 276 276 276 276 276 276 276 276 276 276 276 276 276 276 276 276 276 276 276 276 276 276 276 276 276 276 276 276 276 276 276 276 276 276 276 276 276 276 276 276 276 276 276 276 276 276 276 276 276 276 276
280 280 280 280 280 280 280 280 280 280 280 280 280 277 277 277 277 277 277 277 277 277 277 277 277 277 277 277 277 277 277 277 277 277 277 277 277 277 277 277 276 276 276 276 276 276 276 276 276 276 276 276 276 276 276 276 276 276 276 276 276 276 276 276 276 276 276 276 276 276 276 276 276 276 276 276 276 276 276 276 276 276 276 276 276 276 276 276 276 276 276 276 276 276 276 276
280 280 280 280 280 280 280 280 280 280 280 280 280 280 277 287 287 277 277 277 277 277 277 277 277 277 277 277 277 277 277 277 277 277 277 277 277 277 277 277 276 276 276 276 276 276 276 276 276 276 276 276 276 276 276 276 276 276 276 276 276 276 276 276 276 276 276 276 276 276 276 276 276 276 276 276 276 276 276 276 276 276 276 276 276 276 276 276 276 276 276 276 276 276 276 276
280 280 280 280 280 280 280 280 280 280 280 280 280 287 287 287 287 287 287 277 277 277 277 277 277 277 277 277 277 277 277 277 277 277 277 277 277 277 277 276 276 276 276 276 276 276 276 276 276 276 276 276 276 276 276 276 276 276 276 276 276 276 276 276 276 276 276 276 276 276 276 276 276 276 276 276 276 276 276 276 276 276 276 276 276 276 276 276 276 276 276 276 276 276 276 276
280 280 280 280 280 280 280 280 280 280 280 280 280 280 158 158 158 158 282 277 277 277 277 277 277 277 277 277 277 277 277 277 277 277 277 277 277 276 276 276 276 276 276 276 276 276 276 276 276 276 276 276 276 276 276 276 276 276 276 276 276 276 276 276 276 276 276 276 276 276 276 276 276 276 276 276 276 276 276 276 276 276 276 276 276 276 276 276 276 276 276 276 276 276 276 276
280 280 280 280 280 280 280 280 280 280 280 280 280 315 158 158 158 158 282 282 277 277 277 277 277 277 277 277 277 277 277 277 277 277 277 277 276 276 276 276 276 276 276 276 276 276 276 276 276 276 276 276 276 276 276 276 276 276 276 276 276 276 276 276 276 276 276 276 276 276 276 276 276 276 276 276 276 276 276 276 276 276 276 276 276 276 276 276 276 276 276 276 276 276 276 276
280 280 280 280 280 280 280 280 280 280 280 315 315 315 158 158 158 158 282 282 282 282 277 277 277 277 277 277 277 277 277 277 277 277 277 276 276 276 276 276 276 276 276 276 276 276 276 276 276 276 276 276 276 276 276 276 276 276 276 276 276 276 276 276 276 276 276 276 276 276 276 276 276 276 276 276 276 276 276 276 276 276 276 276 276 276 276 276 276 276 276 276 276 276 276 276
280 280 280 280 280 280 280 280 280 280 280 315 315 315 158 158 158 158 282 282 282 282 277 277 277 277 277 277 277 277 277 277 277 277 276 276 276 276 276 276 276 276 276 276 276 276 276 276 276 276 276 276 276 276 276 276 276 276 276 276 276 276 276 276 276 276 276 276 276 276 276 276 276 276 276 276 276 276 276 276 276 276 276 276 276 276 276 276 276 276 276 276 276 276 276 276
