old versions (Night of Science 2019)/dev/input/maps/fourhundred-farmers/ownership-raster.asc
NCOLS 100
NROWS 100
XLLCORNER 238244.587426
YLLCORNER 9789775.284544
CELLSIZE 50
NODATA_VALUE NaN
[rows 0 to 45 of 100, columns 0 to 95 of 100]
-1 -1 -1 -1 -1 -1 -1 -1 -1 -1 -1 -1 -1 -1 -1 -1 -1 -1 -1 -1 -1 -1 -1 -1 -1 -1 -1 -1 -1 -1 -1 -1 -1 -1 -1 -1 -1 -1 -1 -1 -1 -1 -1 137 137 137 137 -1 162 162 162 4 101 101 101 -1 -1 -1 -1 -1 -1 -1 -1 -1 101 345 345 -1 -1 292 292 292 292 292 292 292 -1 -1 -1 292 292 -1 244 244 244 -1 376 376 -1 -1 -1 -1 -1 -1 -1 -1
-1 -1 -1 -1 -1 -1 -1 -1 -1 -1 -1 -1 -1 -1 -1 -1 -1 -1 -1 -1 -1 -1 -1 -1 -1 -1 -1 -1 -1 -1 -1 -1 -1 -1 -1 -1 -1 -1 -1 -1 -1 -1 137 137 137 137 137 4 4 4 4 4 101 101 335 335 335 335 -1 -1 101 101 101 101 101 345 345 345 345 292 292 292 292 292 292 292 142 142 142 142 292 -1 244 244 -1 -1 376 376 -1 -1 -1 -1 -1 -1 -1 -1
-1 -1 -1 -1 -1 -1 -1 -1 -1 -1 -1 -1 -1 -1 -1 -1 -1 -1 -1 -1 -1 -1 -1 -1 -1 -1 -1 -1 -1 -1 -1 -1 -1 -1 -1 -1 132 132 132 132 -1 -1 137 137 137 137 137 4 4 4 4 4 101 101 335 335 335 335 135 135 101 101 101 101 101 345 345 345 345 292 292 292 292 292 292 292 292 142 142 142 292 -1 -1 -1 -1 376 376 376 -1 -1 -1 -1 -1 -1 -1 -1
-1 -1 -1 -1 -1 -1 -1 -1 -1 -1 -1 -1 -1 -1 -1 -1 -1 -1 -1 -1 -1 -1 -1 -1 -1 -1 -1 -1 -1 -1 -1 -1 -1 -1 -1 -1 132 132 132 132 101 101 101 258 258 258 258 4 4 4 4 4 101 101 335 335 335 335 135 135 101 101 101 101 -1 228 228 -1 292 292 292 292 292 -1 292 292 292 142 142 142 -1 244 244 -1 376 376 376 376 -1 -1 -1 -1 -1 -1 -1 -1
-1 -1 -1 -1 -1 -1 -1 -1 -1 -1 -1 -1 -1 -1 -1 -1 -1 -1 -1 -1 -1 -1 -1 -1 -1 -1 -1 -1 -1 -1 340 340 340 340 340 340 132 132 132 132 101 162 162 -1 258 258 258 4 4 4 4 4 101 101 335 335 335 335 239 -1 101 101 228 228 228 228 228 -1 292 292 292 -1 -1 4 4 4 292 142 142 142 244 244 -1 -1 376 376 376 376 -1 -1 -1 -1 -1 -1 -1 -1
-1 -1 -1 -1 -1 -1 -1 -1 -1 -1 -1 -1 -1 -1 -1 -1 -1 -1 -1 -1 -1 -1 -1 -1 -1 -1 -1 -1 -1 340 340 340 340 340 340 340 132 132 132 132 -1 162 162 162 258 258 258 -1 158 158 158 -1 -1 -1 -1 -1 -1 239 239 45 45 45 228 228 228 228 228 292 24 24 24 24 24 4 4 4 4 -1 -1 64 64 64 -1 142 130 130 130 244 244 244 244 244 244 244 -1 -1
-1 -1 -1 -1 -1 -1 -1 -1 -1 -1 -1 -1 -1 -1 -1 -1 -1 -1 -1 -1 -1 -1 -1 -1 -1 -1 -1 -1 -1 340 340 340 340 340 340 340 132 132 132 132 132 162 162 162 258 258 258 -1 158 158 158 -1 127 127 127 101 -1 239 239 45 45 45 228 228 228 228 228 292 24 24 24 24 24 4 263 263 -1 -1 -1 64 64 64 -1 142 130 130 130 244 244 244 244 244 244 244 -1 -1
-1 -1 -1 -1 -1 -1 -1 -1 -1 -1 -1 -1 -1 -1 -1 -1 -1 -1 -1 -1 -1 -1 -1 -1 -1 -1 -1 -1 -1 340 340 340 340 340 340 340 132 132 132 132 132 162 162 162 306 306 306 306 158 158 158 -1 -1 127 127 101 -1 -1 -1 -1 -1 -1 -1 -1 -1 -1 292 292 24 24 24 24 24 24 263 263 -1 263 263 395 395 -1 -1 142 130 130 -1 244 244 244 244 244 244 244 -1 -1
-1 -1 -1 -1 -1 -1 -1 -1 -1 -1 -1 -1 -1 -1 -1 -1 -1 -1 -1 -1 -1 -1 -1 -1 -1 -1 -1 -1 -1 340 340 340 340 340 340 340 65 65 65 65 340 340 340 340 306 306 306 306 162 51 158 -1 158 158 101 101 135 135 135 135 345 345 345 -1 14 14 14 14 24 24 24 24 24 24 263 263 -1 263 263 395 395 395 -1 357 357 142 -1 244 244 244 244 244 244 244 -1 -1
-1 -1 -1 -1 -1 -1 -1 -1 -1 -1 -1 -1 -1 -1 -1 -1 -1 -1 -1 -1 -1 -1 -1 -1 -1 -1 -1 -1 -1 340 340 340 340 340 340 340 65 65 65 65 340 340 340 162 306 306 306 306 162 51 51 -1 158 158 101 101 135 135 -1 135 345 345 345 -1 14 14 14 14 24 341 -1 263 263 263 263 302 302 263 263 263 357 357 -1 357 357 142 142 244 244 244 244 244 244 244 -1 -1
-1 -1 -1 -1 -1 -1 -1 -1 -1 -1 -1 -1 -1 -1 -1 -1 -1 -1 -1 -1 -1 -1 -1 -1 -1 -1 -1 -1 -1 -1 -1 162 -1 132 132 340 -1 65 65 65 340 340 340 162 306 306 306 306 158 158 158 -1 372 372 372 372 -1 295 295 295 345 345 345 -1 -1 14 14 14 -1 341 341 263 263 263 -1 302 -1 277 277 357 357 357 -1 357 -1 142 142 -1 -1 -1 -1 244 244 244 -1 -1
-1 -1 -1 -1 -1 -1 -1 -1 -1 -1 -1 -1 -1 -1 -1 -1 -1 -1 -1 -1 -1 -1 -1 -1 -1 -1 -1 -1 -1 -1 -1 162 162 132 132 -1 -1 65 65 65 340 340 340 162 306 170 170 170 158 158 158 -1 372 372 372 372 -1 295 295 389 389 389 93 93 -1 -1 -1 14 -1 341 341 263 53 53 53 277 277 277 277 357 357 357 -1 -1 122 122 122 -1 -1 -1 -1 -1 -1 -1 -1 -1
-1 -1 -1 -1 -1 -1 -1 -1 -1 -1 -1 -1 -1 -1 -1 -1 -1 -1 -1 -1 -1 -1 -1 -1 -1 -1 -1 -1 -1 -1 -1 -1 -1 -1 132 132 132 132 132 132 169 169 169 169 169 170 170 170 170 158 158 -1 -1 372 372 372 4 295 295 -1 389 389 93 93 -1 -1 -1 -1 -1 -1 -1 -1 53 53 53 277 277 277 277 19 19 -1 -1 -1 122 122 122 -1 -1 -1 -1 -1 -1 -1 -1 -1
-1 -1 -1 -1 -1 -1 -1 -1 -1 -1 -1 -1 -1 -1 -1 -1 -1 -1 -1 -1 -1 -1 -1 -1 -1 -1 162 162 162 162 74 74 137 137 137 132 132 132 132 132 169 169 169 169 169 170 350 -1 4 158 158 -1 -1 -1 -1 372 4 137 137 137 137 137 137 -1 347 347 347 347 347 347 4 -1 -1 -1 -1 277 277 277 277 19 19 -1 -1 -1 122 122 122 -1 -1 -1 -1 -1 -1 -1 -1 -1
-1 -1 -1 -1 -1 -1 -1 -1 -1 -1 -1 -1 -1 -1 -1 -1 -1 -1 -1 -1 -1 -1 -1 -1 -1 -1 162 162 162 162 74 74 137 137 137 132 132 132 132 132 132 169 169 169 169 350 350 306 4 279 279 -1 276 276 276 276 276 137 137 137 137 137 69 69 347 347 347 347 347 347 4 290 290 -1 -1 -1 -1 -1 19 19 19 -1 -1 -1 -1 -1 -1 -1 -1 -1 -1 -1 -1 -1 -1 -1
-1 -1 -1 -1 -1 -1 -1 -1 -1 -1 -1 -1 -1 -1 -1 -1 -1 -1 -1 -1 -1 -1 -1 305 305 305 305 162 162 162 65 65 -1 132 132 132 132 132 148 148 148 148 148 148 169 350 350 306 4 279 279 -1 276 276 276 276 276 137 137 137 137 69 69 69 347 347 347 347 347 347 101 290 290 233 233 233 -1 -1 19 19 19 -1 232 232 232 -1 -1 -1 -1 -1 -1 -1 -1 -1 -1 -1
-1 -1 -1 -1 -1 -1 -1 -1 -1 -1 -1 -1 -1 -1 -1 -1 -1 -1 -1 -1 -1 -1 -1 305 305 305 305 76 76 -1 65 65 65 132 132 132 132 132 148 148 148 148 148 148 -1 350 350 -1 -1 -1 -1 -1 -1 -1 276 276 276 137 137 137 119 69 69 69 347 347 347 347 347 347 101 290 290 233 233 233 -1 -1 -1 -1 -1 -1 232 232 232 232 -1 -1 -1 -1 -1 -1 -1 -1 -1 -1
-1 -1 -1 -1 -1 -1 -1 -1 -1 -1 -1 -1 -1 -1 -1 -1 -1 -1 220 220 -1 -1 -1 319 319 319 305 76 76 -1 65 65 65 132 132 132 170 170 170 148 148 148 148 148 -1 -1 -1 -1 65 65 162 180 180 -1 -1 -1 -1 111 111 111 119 69 69 69 347 347 347 347 347 347 99 302 302 -1 233 233 34 34 -1 -1 -1 50 232 232 232 232 302 302 302 -1 -1 -1 -1 -1 -1 -1
-1 -1 -1 -1 -1 -1 -1 -1 -1 -1 -1 -1 -1 -1 -1 220 220 220 220 220 -1 -1 -1 319 319 319 319 74 74 -1 65 65 65 65 170 170 170 170 170 148 148 148 148 148 -1 129 129 129 129 162 162 180 180 180 180 180 -1 111 111 111 119 69 69 69 347 347 347 347 99 99 99 302 302 -1 233 233 34 34 34 -1 -1 50 232 232 232 232 302 302 -1 -1 -1 -1 -1 -1 -1 -1
-1 -1 -1 -1 -1 -1 -1 -1 -1 -1 -1 220 220 220 -1 220 220 220 220 220 220 -1 -1 319 319 319 319 74 74 -1 162 162 -1 -1 170 170 132 170 170 148 148 148 148 148 -1 129 129 129 65 65 65 180 180 180 180 4 -1 111 111 111 119 375 375 375 375 4 99 99 99 99 99 368 368 368 368 302 302 -1 -1 -1 -1 50 50 50 -1 -1 302 302 -1 -1 -1 -1 -1 -1 -1 -1
-1 -1 -1 -1 -1 -1 -1 -1 -1 -1 -1 220 220 220 220 220 220 220 -1 220 220 220 -1 319 319 319 319 74 74 74 162 -1 132 132 132 132 132 -1 -1 148 148 148 148 148 -1 -1 220 220 137 10 10 180 180 180 180 4 -1 101 101 119 119 375 375 375 375 4 4 99 99 99 99 368 368 368 368 302 -1 -1 186 186 -1 50 50 50 -1 -1 -1 -1 -1 -1 -1 -1 -1 -1 -1 -1
-1 -1 -1 220 220 -1 -1 -1 -1 -1 -1 220 220 220 220 220 220 220 -1 -1 -1 82 82 82 82 31 31 31 324 324 324 324 324 324 95 95 95 95 95 -1 -1 -1 -1 -1 -1 -1 220 220 10 10 10 137 137 137 270 4 -1 -1 101 119 119 375 375 375 375 4 4 101 101 302 302 302 302 368 368 -1 -1 55 55 186 55 50 50 50 -1 -1 -1 -1 -1 -1 -1 -1 -1 -1 -1 -1
-1 220 220 220 220 220 220 220 -1 -1 -1 220 220 220 220 220 220 305 82 82 82 82 82 82 82 31 31 324 324 324 324 324 324 324 -1 95 95 95 95 -1 -1 153 153 153 153 153 340 340 -1 -1 196 137 137 137 270 4 4 -1 -1 293 293 293 293 22 105 105 105 105 105 302 302 302 302 -1 -1 -1 -1 -1 -1 186 55 55 55 55 55 -1 -1 -1 -1 -1 -1 -1 -1 -1 -1 -1
-1 220 220 220 220 220 220 220 220 220 -1 220 220 220 220 220 220 305 82 82 82 82 82 82 82 31 31 324 324 324 324 324 324 324 305 95 95 95 95 -1 -1 153 153 153 153 153 -1 -1 -1 -1 -1 -1 -1 -1 270 4 4 4 -1 293 293 293 293 22 105 236 236 4 4 302 -1 -1 -1 -1 36 -1 -1 326 326 326 326 326 326 55 55 55 55 -1 -1 -1 -1 -1 -1 -1 -1 -1
-1 -1 -1 220 220 220 220 220 220 220 220 -1 -1 -1 -1 -1 -1 305 82 82 82 82 82 82 82 74 74 324 324 324 324 324 324 324 305 74 74 74 340 -1 -1 153 153 153 153 153 -1 9 9 9 9 9 -1 -1 -1 4 4 4 -1 293 293 293 293 22 236 236 236 4 4 -1 -1 36 36 36 36 -1 326 326 326 326 326 326 326 55 55 55 55 -1 -1 -1 -1 -1 -1 -1 -1 -1
-1 -1 -1 -1 -1 -1 -1 -1 11 11 11 11 -1 -1 76 76 -1 320 320 320 320 82 82 82 82 82 74 324 324 324 324 324 324 324 305 220 220 220 340 340 -1 153 153 153 153 153 -1 -1 9 9 9 9 363 363 -1 -1 -1 -1 -1 117 117 105 293 22 236 236 236 4 -1 -1 101 -1 302 302 120 -1 -1 326 58 55 55 55 -1 55 55 55 55 -1 -1 -1 -1 -1 -1 -1 -1 -1
-1 -1 -1 -1 -1 -1 -1 -1 -1 11 11 11 11 11 76 76 320 320 320 320 320 82 82 82 82 82 72 324 324 324 324 324 324 324 74 74 192 192 192 192 -1 -1 153 153 153 153 -1 -1 -1 9 9 9 363 363 196 196 -1 -1 -1 -1 117 105 22 22 236 236 236 -1 -1 318 318 318 302 302 120 -1 -1 -1 58 58 55 108 108 108 -1 -1 120 120 -1 -1 -1 -1 -1 -1 -1 -1
-1 -1 -1 -1 -1 -1 -1 -1 -1 11 11 11 11 11 76 76 320 320 320 320 320 324 324 324 -1 -1 72 72 72 287 324 324 324 324 74 74 74 192 192 192 192 -1 -1 -1 80 80 80 80 -1 305 -1 -1 -1 387 387 387 387 387 157 -1 -1 -1 -1 -1 -1 -1 -1 -1 286 318 318 318 286 286 120 58 58 -1 -1 58 55 108 108 108 58 58 120 120 -1 -1 -1 -1 -1 -1 -1 -1
-1 -1 -1 -1 -1 -1 -1 -1 -1 -1 -1 76 76 76 377 -1 320 320 320 320 320 324 324 324 324 72 72 72 72 287 287 287 287 287 287 319 319 74 74 -1 -1 -1 -1 245 80 80 80 80 -1 305 30 -1 -1 -1 387 387 387 387 157 157 105 105 -1 360 360 360 87 87 286 286 286 286 286 286 213 213 213 -1 -1 -1 55 108 108 108 58 58 58 58 -1 -1 -1 -1 -1 -1 -1 -1
-1 -1 -1 -1 -1 -1 -1 -1 -1 -1 -1 76 76 76 377 377 320 320 320 320 320 324 324 324 324 72 72 72 72 287 287 287 287 287 287 319 319 74 74 -1 74 245 245 245 80 80 80 80 -1 305 305 -1 200 -1 387 387 387 387 157 157 105 -1 -1 360 360 360 360 87 286 286 286 286 286 286 213 213 213 84 84 -1 -1 108 108 108 58 58 58 58 -1 -1 -1 -1 -1 -1 -1 -1
-1 -1 -1 -1 -1 -1 -1 151 151 151 151 377 377 377 377 377 377 319 319 319 -1 324 324 324 324 -1 319 319 319 287 287 287 287 287 287 319 319 -1 -1 -1 74 245 245 245 80 80 80 97 -1 -1 -1 -1 200 -1 -1 387 387 387 157 157 87 87 -1 -1 360 360 360 87 87 87 87 69 286 286 213 213 213 84 84 -1 -1 58 58 58 329 329 329 329 329 -1 -1 -1 -1 -1 -1 -1
-1 -1 -1 -1 -1 -1 -1 151 151 151 151 377 377 377 377 377 377 319 319 319 319 319 319 319 319 319 319 319 319 287 287 287 287 287 287 -1 -1 -1 -1 -1 270 270 270 270 -1 30 30 97 258 44 44 44 292 292 -1 195 195 195 157 157 87 87 -1 -1 -1 360 360 87 87 87 87 69 69 120 120 120 120 266 266 -1 -1 58 58 329 329 329 329 329 329 -1 -1 -1 -1 -1 -1 -1
-1 -1 -1 151 151 151 -1 151 151 151 151 377 377 377 377 377 377 76 319 319 319 319 319 319 319 319 319 319 319 287 287 287 287 287 287 -1 305 224 224 224 224 270 270 270 30 30 30 97 258 44 44 44 292 292 -1 -1 -1 -1 309 309 309 87 134 134 -1 120 120 120 87 87 87 69 69 120 120 120 120 266 266 -1 -1 58 58 329 329 329 329 329 329 -1 -1 -1 -1 -1 -1 -1
-1 -1 -1 151 151 151 151 151 151 151 151 377 377 377 377 377 377 76 319 319 319 319 319 319 319 319 319 -1 72 72 338 338 338 338 338 -1 305 224 224 224 224 270 270 270 30 30 30 258 258 44 44 44 -1 316 316 316 -1 -1 309 309 309 -1 134 134 -1 120 120 120 179 179 69 69 69 371 371 371 371 371 371 -1 120 58 58 329 329 329 329 329 329 -1 -1 -1 -1 -1 -1 -1
-1 -1 -1 151 151 151 151 151 151 -1 -1 377 377 377 377 377 377 76 -1 319 319 319 319 319 319 319 319 311 311 72 -1 338 338 338 338 -1 115 224 224 224 224 196 196 305 305 30 30 258 258 44 202 202 202 316 316 316 -1 -1 309 309 309 327 327 -1 -1 120 120 120 179 179 69 69 69 371 371 371 371 371 371 -1 120 120 120 329 329 329 329 329 329 -1 -1 -1 -1 -1 -1 -1
151 151 -1 151 151 151 151 151 151 -1 -1 219 219 219 76 76 76 54 54 76 76 72 72 72 57 57 319 311 311 72 48 48 48 57 338 -1 -1 224 224 224 224 -1 196 305 305 200 200 200 200 -1 202 202 202 196 316 316 -1 198 198 198 175 175 327 -1 -1 150 150 150 120 120 120 120 69 371 371 371 371 371 371 -1 120 120 92 92 92 120 120 120 120 157 -1 -1 -1 -1 -1 -1
151 151 272 272 272 272 272 151 -1 21 21 219 219 219 -1 54 54 54 54 76 -1 72 72 72 57 57 57 311 311 72 324 324 -1 -1 -1 -1 303 303 303 57 57 57 57 57 57 200 200 200 323 323 202 383 383 383 383 383 -1 198 198 179 175 175 -1 -1 327 327 150 150 120 120 120 120 120 371 371 371 371 371 371 -1 -1 120 92 92 92 120 120 120 157 157 157 157 -1 -1 -1 -1
151 151 272 272 272 272 272 -1 -1 21 21 219 219 219 -1 54 54 54 54 377 377 377 72 72 57 369 369 311 311 324 324 324 -1 -1 -1 -1 303 303 303 57 57 57 57 57 57 200 200 200 323 323 138 138 138 195 383 -1 -1 68 68 179 179 -1 -1 330 330 330 150 150 370 -1 -1 212 212 212 212 327 179 179 146 146 -1 -1 92 92 92 260 120 121 121 157 171 171 -1 -1 -1 -1
151 151 272 272 272 272 272 -1 -1 21 21 21 21 21 -1 54 54 54 54 377 377 377 369 369 369 369 369 311 311 250 250 250 -1 46 46 46 46 303 303 57 57 57 57 57 57 179 179 323 323 323 138 138 138 195 -1 -1 68 68 68 179 179 -1 167 330 330 330 -1 150 370 370 370 212 212 212 212 327 179 179 146 146 337 -1 -1 -1 92 260 -1 121 121 -1 171 171 171 171 -1 -1
151 151 151 272 272 272 272 255 255 255 255 255 21 21 21 54 54 33 377 377 377 377 369 369 369 369 369 311 311 250 250 250 -1 46 46 46 324 303 303 57 57 57 57 57 57 179 179 323 323 323 138 138 138 -1 -1 68 68 68 68 68 -1 -1 167 330 330 330 330 370 370 370 370 212 212 212 327 327 -1 337 337 355 355 355 -1 -1 -1 -1 329 329 329 329 171 171 171 171 -1 -1
151 151 151 151 272 272 272 255 255 255 255 255 21 21 21 54 54 33 377 377 377 11 369 369 369 369 369 311 311 311 250 250 -1 324 324 324 324 324 303 57 57 57 57 57 212 -1 85 85 -1 -1 -1 -1 -1 -1 68 68 68 68 68 68 -1 167 167 179 179 179 370 370 370 370 370 120 120 327 327 327 337 337 337 355 355 92 92 -1 -1 -1 329 329 329 329 171 171 171 171 -1 -1
272 272 272 272 272 272 -1 255 255 255 255 255 -1 -1 -1 -1 -1 33 377 377 377 11 385 385 385 76 288 288 288 57 57 -1 -1 324 72 72 72 72 72 72 -1 212 212 212 212 85 85 85 -1 -1 396 396 212 212 42 42 42 42 353 353 -1 310 310 310 310 310 370 370 370 370 370 120 120 327 327 327 337 337 337 355 355 92 104 104 104 -1 -1 182 182 182 171 171 171 171 -1 -1
272 272 272 272 272 272 272 255 255 255 255 255 -1 -1 218 218 -1 -1 -1 -1 377 76 385 385 385 76 288 288 288 82 82 -1 -1 324 72 72 72 72 72 72 -1 212 212 212 212 85 85 85 -1 -1 396 396 13 -1 42 42 42 42 353 -1 -1 310 310 310 310 310 353 353 353 353 353 353 353 353 337 337 337 337 337 355 355 104 104 104 104 -1 -1 -1 182 171 171 171 171 171 -1 -1
151 272 272 272 272 272 272 272 280 280 280 255 -1 -1 218 218 31 139 139 -1 -1 76 385 385 385 76 288 288 288 -1 -1 -1 -1 -1 72 72 -1 72 72 324 324 6 6 6 6 6 6 6 -1 -1 396 13 13 13 42 42 42 42 42 -1 241 310 310 310 310 310 353 353 353 353 353 353 353 353 337 337 337 337 337 157 157 104 104 104 104 -1 -1 -1 314 314 314 -1 -1 -1 -1 -1
151 151 272 272 272 272 272 272 280 280 280 -1 -1 -1 218 218 21 21 139 -1 -1 76 385 385 385 76 -1 -1 -1 -1 -1 -1 82 185 72 72 -1 324 324 324 324 6 6 6 6 207 207 207 -1 -1 13 13 13 13 42 42 42 42 42 -1 225 225 310 310 310 310 342 342 342 353 353 353 353 353 337 337 337 337 337 157 -1 104 104 104 104 116 116 -1 314 314 314 -1 -1 -1 -1 -1
151 151 151 151 151 151 272 272 280 280 280 -1 219 219 219 21 21 21 29 29 -1 -1 385 385 385 -1 -1 333 333 83 83 83 -1 185 185 185 185 185 185 82 82 6 6 6 6 207 207 207 -1 -1 -1 -1 -1 -1 42 42 42 42 42 -1 225 225 225 225 241 241 241 342 342 353 353 353 353 353 337 337 337 337 337 -1 -1 -1 116 116 116 116 116 -1 314 314 314 -1 -1 -1 -1 -1
