old versions (Night of Science 2019)/dev/input/maps/fourhundred-farmers/ownership-raster.asc
NCOLS 100
NROWS 100
XLLCORNER 238244.587426
YLLCORNER 9789775.284544
CELLSIZE 50
NODATA_VALUE NaN
[rows 46 to 91 of 100, columns 0 to 95 of 100]
312 312 151 151 151 151 -1 31 31 31 172 -1 219 219 219 21 21 21 377 29 29 -1 274 274 -1 -1 183 183 183 285 83 83 83 185 185 185 185 185 185 185 82 6 6 6 5 5 5 5 5 5 212 212 -1 -1 -1 -1 -1 -1 -1 -1 225 225 225 225 241 241 241 342 342 353 353 353 353 353 327 327 327 327 327 179 179 179 116 116 116 116 116 -1 -1 -1 -1 -1 -1 -1 -1 -1
312 312 312 312 344 344 344 264 264 172 172 -1 -1 219 219 -1 377 377 377 29 29 -1 274 274 -1 183 183 183 183 285 285 285 -1 185 185 185 185 185 185 185 82 6 6 6 5 5 5 5 5 5 212 212 351 351 342 342 -1 -1 -1 225 225 225 225 225 241 241 241 342 342 353 353 353 353 353 327 327 327 327 327 179 179 179 -1 112 112 112 -1 -1 -1 -1 -1 -1 -1 -1 -1 -1
312 312 312 312 344 344 344 264 264 172 172 -1 -1 219 219 11 11 31 31 31 31 -1 -1 -1 -1 -1 -1 -1 -1 285 285 285 59 185 185 185 185 185 185 185 82 6 6 6 5 5 5 5 5 5 351 212 351 351 342 62 351 -1 -1 225 225 225 225 225 241 241 241 323 323 353 353 327 120 120 120 327 327 327 327 179 179 157 157 112 112 112 -1 -1 49 49 -1 -1 -1 -1 -1 -1
312 312 312 312 344 344 344 79 79 79 79 -1 227 227 227 11 336 336 75 75 75 75 75 128 128 128 128 128 -1 -1 264 264 59 185 185 185 185 185 185 185 -1 344 6 6 5 5 5 5 5 5 351 351 144 62 62 62 -1 -1 388 388 388 292 342 342 241 241 241 323 323 323 -1 327 120 120 120 327 327 327 327 -1 -1 157 112 112 112 112 -1 -1 49 49 49 -1 -1 -1 -1 -1
312 312 312 312 344 344 344 79 79 79 79 -1 227 227 76 11 336 336 75 75 75 75 75 128 128 128 128 128 -1 -1 -1 -1 59 185 185 185 185 185 185 185 344 344 -1 -1 5 5 5 5 5 5 351 351 351 62 62 62 -1 -1 388 388 388 292 342 342 353 241 241 323 323 323 -1 327 -1 120 120 179 179 179 157 157 -1 157 112 112 112 112 -1 -1 49 49 49 -1 -1 -1 -1 -1
312 312 151 151 -1 272 272 272 -1 79 79 -1 249 -1 76 11 336 336 75 75 75 75 75 128 128 128 128 -1 -1 320 320 -1 -1 344 344 254 254 254 254 264 264 344 351 351 351 351 5 5 5 5 351 351 300 25 25 25 -1 281 281 281 -1 292 342 342 353 353 353 323 323 323 323 -1 -1 120 120 101 101 101 -1 157 -1 157 -1 -1 -1 -1 -1 -1 49 49 49 -1 -1 -1 -1 -1
312 312 151 151 151 272 272 272 272 272 272 -1 249 249 76 31 31 31 75 75 75 75 75 128 128 128 -1 -1 358 358 264 -1 -1 -1 344 254 254 254 59 264 264 344 351 351 351 351 351 351 351 -1 388 300 300 25 25 25 -1 281 281 281 281 195 195 342 353 353 353 327 -1 327 327 327 327 327 -1 101 101 101 -1 -1 -1 157 -1 -1 -1 -1 -1 -1 -1 -1 -1 -1 -1 -1 -1 -1
312 312 -1 221 -1 272 272 272 67 67 272 -1 177 177 177 177 31 31 75 75 75 75 43 43 43 -1 -1 358 358 358 264 289 289 -1 -1 254 254 254 59 59 344 344 351 351 351 351 351 351 351 388 388 300 300 25 300 -1 -1 281 281 281 281 195 195 200 353 353 353 327 -1 327 327 327 327 327 -1 101 -1 -1 -1 -1 -1 -1 -1 -1 -1 -1 -1 -1 -1 315 315 315 -1 -1 -1 -1
312 312 221 221 272 272 272 272 312 67 125 -1 177 177 177 177 31 31 75 344 344 344 43 43 43 -1 -1 -1 320 320 320 386 386 386 -1 163 163 59 59 59 344 344 -1 -1 351 351 351 351 351 388 388 300 300 300 300 -1 -1 300 300 300 300 195 195 200 200 200 179 179 179 327 327 196 327 327 -1 -1 -1 -1 -1 -1 -1 -1 -1 -1 -1 -1 -1 -1 -1 315 315 -1 -1 -1 -1 -1
312 312 11 11 11 11 221 221 312 312 125 -1 177 177 177 177 177 3 3 3 3 3 3 43 43 -1 136 136 136 320 386 386 386 386 -1 163 163 163 59 59 59 59 59 59 351 351 351 351 351 200 200 300 300 300 300 -1 -1 332 300 300 300 300 300 300 327 327 327 179 179 -1 -1 196 196 196 196 196 196 196 196 -1 -1 -1 -1 -1 -1 -1 60 60 -1 315 315 -1 -1 -1 -1 -1
11 11 11 11 11 11 221 221 221 312 125 -1 177 177 61 61 61 3 3 3 3 3 3 272 264 -1 136 136 136 320 124 124 124 275 -1 163 163 163 59 161 264 264 264 -1 351 351 351 351 351 200 200 300 300 300 -1 -1 -1 332 332 300 300 300 300 300 327 327 327 327 327 -1 -1 196 196 196 196 196 196 196 196 -1 -1 -1 -1 -1 -1 -1 -1 60 -1 -1 -1 -1 -1 -1 -1 -1
221 221 11 11 11 11 221 125 125 125 125 -1 -1 272 61 61 61 3 3 3 3 3 3 272 -1 -1 63 63 63 320 124 124 124 275 -1 163 163 163 161 161 264 264 264 -1 351 351 351 351 351 200 200 300 300 300 89 89 -1 332 332 -1 300 300 300 300 327 327 327 327 196 196 196 196 196 196 196 196 196 196 196 -1 -1 -1 -1 -1 -1 -1 -1 271 271 -1 -1 -1 -1 -1 -1 -1
221 221 393 393 393 393 393 125 125 125 125 272 -1 272 61 61 61 3 3 3 3 3 3 -1 -1 -1 63 63 63 -1 124 124 124 275 -1 -1 59 161 161 161 161 161 264 264 -1 -1 203 203 203 203 152 300 300 300 89 89 -1 268 268 268 268 300 300 300 -1 -1 -1 325 325 196 196 196 196 196 196 196 196 196 -1 -1 -1 -1 -1 -1 -1 -1 -1 271 271 271 -1 -1 -1 -1 -1 -1
221 221 393 393 393 393 393 -1 151 125 125 272 -1 -1 61 61 61 61 -1 151 151 151 -1 -1 214 214 63 63 63 124 124 124 124 275 275 -1 161 161 161 161 161 161 264 264 264 203 203 203 203 203 152 152 300 89 89 89 -1 -1 268 268 268 166 166 166 166 166 -1 325 325 196 196 196 196 196 196 196 325 325 325 325 -1 -1 -1 -1 238 238 238 238 271 271 -1 -1 -1 -1 141 -1
221 380 393 393 393 393 393 151 151 41 41 41 190 -1 -1 243 317 317 317 151 151 -1 -1 -1 214 214 272 272 272 312 264 264 264 275 275 -1 161 161 161 161 161 161 264 27 27 203 203 203 203 203 152 152 152 89 89 89 -1 -1 268 268 268 166 166 166 166 166 166 325 325 -1 -1 -1 -1 325 325 325 325 325 325 325 -1 -1 -1 -1 238 238 238 238 -1 -1 -1 141 141 141 141 -1
380 380 393 393 393 393 393 41 41 41 41 41 190 190 -1 243 317 317 317 -1 151 -1 -1 151 214 214 214 272 272 312 312 23 23 23 100 -1 161 161 161 161 161 161 269 27 27 203 203 203 203 203 322 322 322 322 -1 -1 -1 -1 268 268 268 166 166 166 166 166 166 325 325 325 325 325 325 -1 325 325 325 325 325 325 -1 -1 -1 -1 238 238 238 238 -1 -1 -1 141 141 141 141 -1
380 380 393 393 393 393 393 380 380 41 41 41 190 190 190 190 317 317 151 20 20 -1 -1 -1 -1 312 312 243 272 312 312 23 23 100 100 -1 -1 284 -1 -1 187 -1 269 269 27 203 203 203 203 203 322 322 322 322 -1 -1 -1 -1 268 268 268 166 -1 269 269 269 325 325 325 325 325 -1 325 -1 -1 325 325 325 325 325 -1 -1 210 210 -1 238 238 238 -1 -1 -1 141 141 141 141 -1
380 380 380 41 393 393 393 380 380 380 -1 230 230 230 243 243 317 317 151 256 256 256 256 256 -1 312 312 243 243 243 312 312 23 -1 246 -1 100 100 100 100 187 187 205 205 -1 354 354 354 390 390 322 322 322 322 307 -1 222 222 -1 166 166 166 -1 269 269 269 -1 193 325 325 325 325 -1 -1 -1 325 325 325 325 325 -1 210 210 210 -1 238 238 238 -1 133 133 -1 -1 -1 -1 -1
211 211 -1 41 -1 380 380 380 384 384 384 230 230 230 379 379 379 379 379 256 256 256 256 256 -1 312 243 243 -1 243 100 100 100 100 246 -1 100 100 194 194 187 187 205 205 205 354 354 354 390 390 269 152 152 307 307 -1 222 222 -1 166 166 166 -1 269 269 269 193 193 325 325 325 325 193 193 193 193 -1 -1 35 35 -1 210 210 210 346 346 -1 -1 -1 133 133 133 133 -1 210 -1
211 211 211 41 -1 380 380 211 384 384 384 230 230 230 230 247 98 98 98 247 256 256 256 256 -1 -1 -1 216 216 243 -1 100 100 100 246 -1 100 161 194 194 187 187 205 205 205 354 106 106 390 390 269 152 152 307 307 -1 352 352 352 52 52 52 52 52 52 193 193 193 325 325 325 325 193 193 193 193 -1 -1 35 35 141 141 141 209 346 346 71 -1 -1 133 133 133 133 210 210 -1
211 211 211 41 380 380 7 211 384 384 384 230 230 230 230 247 98 98 98 247 247 247 -1 -1 -1 312 -1 -1 16 16 16 16 16 16 16 -1 -1 161 161 -1 -1 -1 -1 -1 -1 269 106 106 390 390 269 152 152 152 -1 -1 352 352 352 52 52 52 52 52 52 131 193 325 325 -1 -1 -1 193 201 201 -1 -1 35 35 35 261 261 141 209 35 346 -1 -1 304 304 248 248 210 210 210 -1
221 356 356 41 41 41 7 7 7 242 242 242 -1 393 393 247 98 98 98 40 40 -1 -1 229 229 229 229 -1 -1 188 188 -1 215 215 16 -1 -1 -1 -1 -1 152 152 152 -1 -1 -1 -1 -1 -1 -1 -1 -1 -1 -1 -1 -1 352 352 352 52 52 52 52 52 52 131 131 325 325 -1 -1 -1 201 201 201 -1 -1 35 35 35 261 261 209 209 35 -1 -1 304 304 248 248 248 210 210 210 209
221 356 356 41 380 380 7 7 7 242 242 242 -1 393 393 98 98 98 98 40 40 -1 40 40 229 229 229 312 -1 188 188 188 215 215 -1 -1 -1 -1 16 16 16 107 107 107 107 107 -1 155 291 291 391 391 391 -1 113 113 113 113 113 52 52 52 52 52 52 131 131 325 325 201 201 201 201 201 201 201 -1 35 35 -1 261 261 -1 209 -1 -1 304 304 304 248 248 248 209 209 209 209
221 356 41 41 380 380 7 7 7 242 242 242 230 393 393 378 378 378 378 378 -1 -1 40 40 229 229 229 312 -1 188 188 188 215 215 27 -1 -1 27 16 16 16 107 107 107 107 107 -1 269 291 154 154 391 391 269 113 113 113 113 113 52 52 52 52 52 52 193 325 325 325 201 201 201 201 201 201 201 -1 35 35 35 273 273 273 -1 -1 -1 141 141 248 248 248 248 209 209 209 209
252 252 211 211 380 380 7 7 7 7 380 380 230 230 230 378 -1 378 247 -1 -1 118 379 379 379 40 -1 312 -1 188 188 188 215 215 -1 -1 27 27 16 16 -1 107 107 107 107 107 -1 269 154 154 154 78 391 269 113 113 113 113 113 -1 165 165 165 165 193 193 269 269 201 201 201 201 201 201 201 201 201 201 201 273 273 273 273 -1 141 -1 141 141 141 141 349 349 209 209 209 209
252 252 211 211 247 247 247 -1 -1 -1 -1 -1 230 230 230 -1 -1 -1 -1 -1 -1 118 379 379 118 40 206 206 -1 301 301 382 382 -1 -1 231 231 231 231 231 203 203 203 107 107 107 -1 269 154 154 154 78 165 165 291 291 269 113 113 166 165 165 165 165 193 269 269 269 201 201 201 201 201 201 201 201 201 201 201 273 273 273 273 -1 141 -1 141 141 141 -1 349 349 -1 -1 -1 123
86 86 211 211 -1 -1 -1 -1 380 380 384 -1 -1 230 -1 -1 282 282 90 90 118 118 118 118 118 40 206 206 -1 -1 -1 -1 -1 -1 -1 231 231 231 231 231 203 203 203 78 78 291 -1 -1 154 154 154 78 165 165 291 291 269 -1 166 166 165 165 165 165 193 269 269 269 201 201 201 201 201 261 261 261 201 35 35 8 8 8 273 -1 141 -1 -1 141 210 210 349 349 123 123 123 123
86 86 86 -1 -1 41 41 41 41 380 384 221 -1 -1 -1 -1 282 282 90 90 247 118 118 118 118 206 206 206 366 366 366 -1 -1 88 88 231 231 231 231 231 269 269 269 78 78 78 -1 313 313 313 -1 262 262 262 262 262 325 325 152 152 165 165 165 165 193 269 201 201 201 -1 201 201 201 261 261 261 35 35 35 8 8 8 -1 -1 261 81 -1 210 210 210 210 210 -1 123 123 0
86 86 86 -1 211 211 41 -1 299 299 299 299 299 -1 -1 -1 282 379 90 90 247 118 118 118 118 206 206 206 366 366 366 -1 -1 88 88 88 231 231 231 226 226 226 78 78 78 -1 -1 313 348 348 348 262 262 262 262 262 325 325 152 152 165 165 165 165 165 269 201 201 201 201 -1 201 201 261 261 261 35 35 35 8 8 8 81 -1 261 81 -1 -1 210 210 210 210 -1 123 123 0
86 86 160 -1 211 211 41 299 299 299 299 299 299 393 221 393 379 379 247 247 247 382 382 382 382 32 109 109 366 366 -1 -1 284 284 27 27 231 27 27 226 226 91 91 -1 -1 -1 -1 -1 348 348 348 262 262 262 262 262 325 325 152 152 -1 131 131 131 131 269 201 201 201 201 -1 201 201 201 201 201 201 201 201 8 8 8 81 -1 -1 81 -1 -1 -1 -1 257 257 257 257 257 0
160 160 160 -1 211 356 41 299 299 299 299 299 299 393 221 393 379 379 247 247 382 382 382 382 382 32 109 109 366 -1 -1 397 397 397 397 27 27 27 27 -1 226 91 91 -1 -1 176 -1 -1 348 348 348 262 262 262 262 262 253 253 253 253 253 131 131 131 -1 269 201 201 201 201 201 201 201 201 201 201 201 201 201 261 56 56 81 81 -1 334 334 334 133 -1 -1 -1 -1 -1 257 0
160 160 160 -1 211 356 356 299 299 299 299 299 299 221 1 1 382 382 382 382 382 382 173 173 173 32 32 109 -1 -1 397 397 397 397 397 27 27 94 94 94 269 91 -1 -1 26 176 -1 361 361 399 399 399 399 399 168 168 168 253 253 253 253 361 361 361 361 269 269 193 193 334 334 334 334 201 201 201 201 201 201 261 261 56 56 96 -1 -1 133 133 133 181 181 199 -1 -1 -1 -1
160 160 160 -1 -1 356 356 299 299 299 299 299 299 221 1 1 1 206 206 206 362 362 173 173 173 173 32 -1 -1 251 251 397 397 397 397 397 27 94 94 94 131 131 -1 26 26 -1 -1 361 361 399 399 399 399 399 168 168 168 253 253 253 253 361 361 361 361 361 361 193 193 334 334 334 334 201 201 201 201 201 201 261 294 56 56 96 96 -1 133 133 133 181 181 199 199 -1 -1 -1
160 160 160 160 -1 356 66 299 299 299 299 299 299 223 1 1 1 206 206 206 362 362 173 173 173 173 -1 -1 251 251 251 73 73 284 284 284 27 94 94 94 94 131 -1 26 -1 -1 -1 -1 361 399 399 399 399 399 168 168 -1 253 253 253 253 361 361 361 361 361 201 201 201 334 334 334 334 201 201 201 201 201 201 261 294 294 294 294 -1 -1 133 181 181 181 181 199 199 123 -1 -1
237 356 221 221 -1 -1 66 66 66 66 66 223 223 223 221 28 28 206 206 206 362 362 362 -1 -1 -1 -1 251 251 251 251 73 73 284 284 284 284 94 94 94 94 131 -1 26 -1 152 152 -1 361 165 165 399 399 399 193 193 193 253 -1 131 131 361 361 361 361 361 201 201 201 334 334 334 201 201 201 201 201 201 201 261 294 294 294 294 -1 -1 -1 -1 123 123 123 123 123 123 102 102
237 356 221 221 381 -1 -1 237 297 297 -1 223 223 223 221 28 28 206 206 367 247 284 -1 -1 367 367 251 251 251 251 251 373 373 373 373 149 149 321 321 321 321 -1 -1 26 -1 -1 152 -1 361 265 265 265 265 165 189 189 291 291 291 291 131 361 361 361 361 361 -1 201 201 -1 201 201 201 201 201 201 201 201 201 339 339 294 294 294 294 -1 204 204 181 181 181 181 -1 102 102 102
237 221 221 381 381 381 -1 237 297 297 297 -1 -1 -1 -1 -1 -1 206 -1 367 367 -1 -1 367 367 251 251 251 251 251 251 373 373 373 373 149 149 321 321 321 -1 -1 15 26 152 -1 -1 -1 361 265 265 265 265 165 189 189 291 291 291 291 131 361 361 361 361 325 325 193 193 201 201 201 201 201 201 201 -1 261 261 339 339 339 339 204 204 -1 204 204 181 181 181 181 -1 102 102 102
237 237 77 77 77 77 -1 -1 297 297 297 -1 -1 110 392 392 -1 -1 -1 -1 -1 -1 251 251 251 251 251 251 251 251 -1 47 278 278 278 278 278 321 321 -1 -1 240 240 27 -1 -1 -1 325 325 325 265 265 265 -1 189 189 291 291 291 325 325 325 325 325 325 325 325 193 193 193 193 193 193 201 201 201 -1 261 261 339 339 339 339 204 -1 -1 204 204 181 181 181 334 334 334 102 102
234 221 77 77 77 77 221 -1 297 297 297 -1 110 110 392 208 208 208 -1 -1 70 70 70 328 328 328 328 328 328 174 174 47 278 278 278 278 278 321 -1 -1 -1 -1 -1 -1 -1 -1 -1 325 325 325 265 265 265 197 197 197 361 361 361 325 325 325 325 325 325 325 325 193 193 193 193 193 193 193 -1 39 39 39 -1 339 339 339 339 -1 -1 204 204 204 181 181 181 334 334 334 102 102
234 221 77 77 77 77 221 -1 -1 -1 -1 -1 110 110 392 208 208 208 379 379 379 70 70 328 328 328 328 328 328 174 174 47 278 278 278 278 278 103 103 103 2 2 159 159 159 159 -1 -1 325 325 343 265 265 197 197 197 361 361 361 325 325 325 325 325 325 325 325 193 193 193 193 193 193 193 39 39 39 39 201 201 201 -1 -1 -1 339 -1 204 204 181 181 181 334 334 102 102 102
234 77 77 77 77 77 221 -1 -1 -1 283 191 191 237 208 208 208 208 379 379 379 70 70 328 328 328 328 328 328 -1 47 47 278 278 278 278 278 103 103 103 325 325 159 159 159 159 -1 -1 -1 325 343 343 343 17 17 17 17 -1 325 325 325 325 325 325 325 325 325 193 193 193 193 193 193 193 39 39 39 39 39 39 39 -1 -1 -1 339 365 365 204 -1 204 204 334 334 201 102 114
234 77 77 77 77 77 -1 -1 143 283 283 191 191 237 208 208 208 208 -1 -1 379 243 243 328 328 328 328 328 328 379 47 47 47 278 278 278 278 103 103 103 325 325 159 159 159 38 38 -1 -1 325 -1 343 343 17 17 17 17 193 325 325 325 325 325 325 325 325 325 193 193 193 193 193 193 193 39 39 39 39 39 201 201 201 -1 -1 201 365 365 365 204 204 204 334 334 201 102 114
234 234 356 -1 -1 -1 -1 143 143 283 283 -1 237 237 237 -1 -1 392 392 392 392 392 243 328 328 328 328 379 379 379 47 47 47 47 47 47 47 -1 103 103 184 -1 159 159 159 38 38 38 -1 -1 -1 -1 -1 17 235 235 -1 193 325 325 325 325 325 325 325 325 325 193 193 193 193 193 193 193 39 39 39 39 39 201 201 201 259 -1 201 365 365 365 204 204 204 334 204 201 -1 114
-1 -1 -1 -1 -1 -1 143 143 143 394 394 394 394 237 237 237 237 392 392 392 392 392 243 237 237 -1 325 325 325 325 325 152 152 47 47 47 47 15 15 15 184 184 -1 159 159 217 217 364 364 -1 -1 -1 -1 -1 235 235 -1 193 325 325 325 325 325 325 325 325 325 193 193 193 193 193 193 201 201 201 201 201 201 201 201 201 259 -1 -1 204 204 204 201 201 201 204 204 102 102 102
-1 -1 37 37 37 143 143 143 143 394 394 394 394 237 237 237 237 392 392 392 392 392 269 237 237 -1 325 325 325 325 325 152 152 27 325 325 325 15 15 15 184 184 47 47 217 217 217 364 364 -1 -1 -1 -1 -1 235 235 235 193 325 325 325 325 325 325 325 325 325 193 193 193 193 201 201 201 201 201 201 -1 201 201 201 201 259 259 -1 18 18 18 18 147 147 204 204 102 102 102
145 145 145 37 37 37 37 37 -1 394 394 394 178 178 178 152 237 237 237 237 392 392 269 269 269 269 325 325 325 325 325 325 152 27 325 325 325 325 47 47 47 47 47 47 308 308 308 308 308 308 -1 -1 -1 -1 -1 -1 193 193 193 193 193 193 193 193 193 193 193 193 193 193 193 201 201 201 201 201 201 398 398 398 398 398 259 259 -1 -1 18 18 18 147 147 147 204 102 102 102
