input/maps/landmarkets1/forest-patch-raster.asc
NCOLS 100
NROWS 100
XLLCORNER 238244.58
YLLCORNER 9789775.28
CELLSIZE 50
NODATA_VALUE NaN
[rows 0 to 54 of 100, columns 0 to 95 of 100]
1 1 1 1 1 1 1 1 1 1 1 1 1 1 1 1 1 1 1 1 1 1 1 1 1 1 1 1 1 1 1 1 1 1 1 1 1 1 1 1 1 1 1 1 1 1 1 1 1 1 1 1 1 1 1 1 1 1 1 1 1 1 1 1 1 1 1 1 1 1 1 1 1 1 1 1 1 1 1 1 1 1 1 1 1 101 101 101 101 101 101 101 101 101 101 101
1 1 1 1 1 1 1 1 1 1 1 1 1 1 1 1 1 1 1 1 1 1 1 1 1 1 1 1 1 1 1 1 1 1 1 1 1 1 1 1 1 1 1 1 1 1 1 1 1 1 1 1 1 1 1 1 1 1 1 1 1 1 -1 -1 1 1 -1 -1 -1 1 1 1 1 1 1 1 1 1 1 1 1 1 1 1 1 101 101 101 101 101 101 101 101 101 101 101
1 1 1 1 1 1 1 1 1 1 1 1 1 1 1 1 1 1 1 1 1 1 1 1 1 1 1 1 1 1 1 1 1 1 1 1 1 1 1 1 1 1 1 1 1 1 1 1 1 1 1 1 1 1 1 1 1 1 1 1 1 1 -1 -1 1 -1 -1 -1 -1 1 1 1 1 1 1 1 1 1 1 1 1 1 1 1 101 101 101 101 101 101 101 101 101 101 101 101
1 1 1 1 1 1 1 1 1 1 1 1 1 1 1 1 1 1 1 1 1 1 1 1 1 1 1 1 1 1 1 1 1 1 1 1 1 1 1 1 1 1 1 1 1 1 1 1 1 1 1 1 1 1 1 1 1 1 1 1 1 -1 -1 -1 -1 -1 -1 -1 -1 1 1 1 1 1 1 1 1 1 -1 1 1 1 1 101 101 101 101 101 101 101 101 101 101 101 101 101
1 1 1 1 1 1 1 1 1 1 1 1 1 1 1 1 1 1 1 1 1 1 1 1 1 1 1 1 1 1 1 1 1 1 1 1 1 1 1 1 1 1 1 1 1 1 1 1 1 1 1 1 1 1 1 -1 -1 -1 -1 1 1 -1 -1 -1 -1 -1 -1 -1 -1 1 1 1 1 1 1 1 1 1 -1 -1 -1 -1 1 101 101 101 101 101 101 101 101 101 101 101 101 101
1 1 1 1 1 1 1 1 1 1 1 1 1 1 1 1 1 1 1 1 1 1 1 1 1 1 1 1 1 1 1 1 1 1 1 1 1 1 1 1 1 1 1 1 1 1 1 1 1 1 1 1 73 73 1 1 73 -1 -1 -1 1 1 -1 -1 -1 -1 -1 -1 1 1 1 1 1 1 1 1 1 1 -1 -1 -1 -1 101 101 101 -1 -1 101 101 101 101 101 101 101 101 101
1 1 1 1 1 1 1 1 1 1 1 1 1 1 1 1 1 1 1 1 1 1 1 1 1 1 1 1 1 1 1 1 1 1 1 1 1 1 1 1 1 1 1 1 1 1 1 1 1 1 1 1 73 73 73 73 73 -1 -1 -1 -1 -1 -1 -1 -1 -1 -1 -1 1 1 1 1 1 1 1 1 1 1 -1 -1 -1 -1 101 101 -1 -1 -1 -1 101 101 101 101 101 101 101 101
1 1 1 1 1 1 1 1 1 1 1 1 1 1 1 1 1 1 1 1 1 1 1 1 1 1 1 1 1 1 1 1 1 1 1 1 1 1 1 1 1 1 1 1 1 1 1 1 1 1 1 1 73 73 73 73 73 73 73 1 1 1 1 1 -1 -1 -1 -1 1 1 1 1 1 1 1 1 1 1 1 1 -1 -1 113 -1 -1 -1 -1 -1 101 101 101 101 101 101 101 101
1 1 1 1 1 1 1 1 1 1 1 1 1 1 1 1 1 1 1 1 1 1 1 1 1 1 1 1 1 1 1 1 1 1 1 1 1 1 1 1 1 1 1 1 1 1 1 1 1 1 1 73 73 73 73 73 -1 -1 -1 -1 -1 -1 -1 1 -1 -1 -1 -1 1 1 1 1 1 1 1 1 1 1 1 1 -1 -1 113 -1 -1 113 -1 101 101 101 101 101 101 101 101 101
1 1 1 1 1 1 1 1 1 1 1 1 1 1 1 1 1 1 1 1 1 1 1 1 1 1 1 1 1 1 1 1 1 1 1 1 1 1 1 1 1 1 1 1 1 1 1 1 1 1 1 73 73 73 73 73 -1 -1 -1 -1 -1 -1 -1 -1 -1 -1 -1 -1 -1 1 1 1 1 1 1 1 1 1 1 -1 -1 -1 113 -1 -1 113 -1 -1 -1 101 101 101 101 101 101 101
1 1 1 1 1 1 1 1 1 1 1 1 1 1 1 1 1 1 1 1 1 1 1 1 1 1 1 1 1 1 1 1 1 1 1 1 1 1 1 1 1 1 1 1 1 1 1 1 1 1 1 73 73 73 73 73 73 73 73 -1 -1 -1 -1 -1 -1 -1 -1 92 -1 1 1 1 1 1 1 1 1 1 1 -1 -1 -1 113 -1 -1 113 -1 -1 -1 101 101 101 101 101 101 101
1 1 1 1 1 1 1 1 1 1 1 1 1 1 1 1 1 1 1 1 1 1 1 1 1 1 1 1 1 1 1 1 1 1 1 1 1 1 1 1 1 1 1 1 1 1 1 1 1 1 1 1 73 73 73 73 73 73 -1 -1 -1 -1 -1 -1 -1 -1 92 -1 -1 -1 1 1 1 1 1 1 1 1 1 -1 -1 -1 -1 -1 -1 -1 -1 -1 -1 101 101 101 101 101 101 101
1 1 1 1 1 1 1 1 1 1 1 1 1 1 1 1 1 1 1 1 1 1 1 1 1 1 1 1 1 1 1 1 1 1 1 1 1 1 1 1 1 1 1 1 1 1 1 1 1 1 1 1 73 73 73 73 73 -1 -1 -1 -1 -1 -1 -1 -1 -1 92 92 91 91 1 91 1 1 1 1 1 1 1 -1 -1 -1 -1 -1 -1 -1 -1 -1 -1 101 101 101 101 101 101 101
1 1 1 1 1 1 1 1 1 1 1 1 1 1 1 1 1 1 1 1 1 1 1 1 1 1 1 1 1 1 1 1 1 1 1 1 1 1 1 1 1 1 1 1 1 1 1 1 1 1 1 1 73 73 73 73 73 -1 -1 -1 83 83 -1 -1 -1 -1 -1 91 91 91 91 91 91 91 1 1 1 1 1 -1 -1 -1 -1 -1 -1 101 101 101 101 101 101 101 101 101 101 101
1 1 1 1 1 1 1 1 1 1 1 1 1 1 1 1 1 1 1 1 1 1 1 1 1 1 1 1 1 1 1 1 1 1 1 1 1 1 1 1 1 1 1 1 -1 1 1 1 1 1 1 1 73 73 73 -1 -1 -1 -1 -1 83 -1 -1 -1 -1 -1 -1 91 91 91 91 91 91 91 1 91 1 1 1 -1 -1 101 101 -1 -1 101 101 101 101 101 101 101 101 101 101 101
1 1 1 1 1 1 1 1 1 1 1 1 1 1 1 1 1 1 1 1 1 1 1 1 1 1 1 1 1 1 1 1 1 1 1 1 1 1 1 1 1 1 1 1 -1 -1 -1 -1 -1 1 1 73 73 -1 -1 -1 -1 83 83 83 83 -1 -1 -1 -1 -1 91 91 91 91 91 91 91 91 91 91 91 99 -1 -1 -1 101 -1 101 101 101 101 101 101 101 101 101 101 101 101 101
1 1 1 1 1 1 1 1 1 1 1 1 1 1 1 1 1 1 1 1 1 1 1 1 1 1 1 1 1 1 1 1 1 1 1 1 1 1 1 1 1 1 1 1 -1 -1 -1 52 52 1 1 69 73 73 -1 -1 -1 83 83 83 83 83 83 -1 -1 -1 91 91 91 91 91 91 91 91 91 91 91 99 99 -1 101 101 -1 -1 101 101 101 101 101 101 101 101 101 101 101 101
1 1 1 1 1 1 1 1 1 1 1 1 1 1 1 1 1 1 1 1 1 1 1 1 1 1 1 1 1 1 1 1 1 1 1 1 1 1 1 1 1 1 1 1 1 52 52 52 -1 -1 -1 69 -1 73 -1 -1 -1 -1 -1 83 83 83 83 -1 83 83 -1 -1 91 -1 -1 91 91 -1 -1 -1 -1 99 99 101 101 -1 -1 -1 -1 101 101 101 101 101 101 101 101 101 101 101
1 1 1 1 1 1 1 1 1 1 1 1 1 1 1 1 1 1 1 1 1 1 1 1 1 1 1 1 1 1 1 1 1 1 1 1 1 1 1 1 1 1 1 1 1 -1 -1 -1 -1 -1 -1 -1 -1 -1 -1 -1 -1 -1 -1 83 -1 -1 83 83 83 -1 -1 -1 91 -1 -1 91 91 -1 -1 -1 -1 -1 -1 101 101 101 101 101 101 101 101 101 101 101 101 101 101 101 101 101
1 1 1 1 1 1 1 1 1 1 1 1 1 1 1 1 1 1 1 1 1 1 1 1 1 1 1 1 1 1 1 1 1 1 1 1 1 1 1 1 1 1 1 1 52 52 52 -1 -1 -1 -1 -1 -1 -1 -1 -1 -1 -1 -1 83 -1 -1 -1 -1 -1 -1 -1 -1 91 -1 -1 91 91 -1 -1 -1 -1 101 101 101 101 101 101 101 101 101 101 101 101 101 101 101 101 101 101 101
1 1 1 1 1 1 1 1 1 1 1 1 1 1 1 1 1 1 1 1 1 1 1 1 1 1 1 1 1 1 1 1 1 1 1 1 1 1 -1 1 1 1 1 1 1 52 52 -1 -1 -1 -1 -1 -1 -1 -1 -1 72 -1 -1 83 -1 -1 -1 -1 -1 -1 -1 -1 -1 -1 -1 -1 91 -1 -1 -1 101 101 101 101 101 101 101 101 101 101 101 101 101 101 101 101 101 101 101 101
1 1 1 1 1 1 1 1 1 1 1 1 1 1 1 1 1 1 1 1 1 1 1 1 1 1 1 1 1 1 1 1 1 1 1 1 1 1 -1 -1 1 1 1 50 50 52 -1 -1 -1 -1 -1 -1 -1 -1 -1 -1 72 72 83 83 83 -1 -1 -1 -1 -1 -1 -1 -1 -1 -1 -1 -1 95 -1 101 101 -1 -1 101 101 101 101 101 101 101 101 101 101 101 101 101 101 101 101 101
1 1 1 1 1 1 1 1 1 1 1 1 1 1 1 1 1 1 1 1 1 1 1 1 1 1 1 1 1 1 1 1 1 1 1 1 1 1 -1 1 1 -1 -1 50 50 -1 -1 -1 -1 -1 66 -1 72 72 72 72 72 72 83 83 83 -1 -1 -1 -1 -1 -1 -1 -1 -1 -1 -1 -1 -1 -1 101 101 -1 -1 -1 101 101 101 101 101 101 101 101 101 101 101 101 101 101 101 101
1 1 1 1 1 1 1 1 1 1 1 1 1 1 1 1 1 1 1 1 1 1 1 1 1 1 1 1 1 1 1 1 1 1 1 1 1 1 -1 1 -1 -1 -1 -1 50 -1 -1 -1 -1 -1 -1 71 71 71 72 72 72 72 83 83 83 -1 -1 -1 -1 -1 -1 -1 -1 -1 -1 -1 -1 -1 -1 101 101 -1 -1 -1 101 101 101 101 101 101 101 101 101 101 101 101 101 101 101 101
1 1 1 1 1 1 1 1 1 1 1 1 1 1 1 1 1 1 1 1 1 1 1 1 1 1 1 1 1 1 1 1 1 1 1 1 1 1 1 1 1 47 -1 -1 -1 -1 -1 -1 -1 60 -1 -1 71 71 71 72 72 72 72 83 83 83 83 -1 -1 -1 -1 -1 -1 -1 -1 -1 -1 -1 -1 101 -1 -1 -1 -1 101 101 101 -1 -1 -1 -1 -1 -1 101 101 101 101 101 101 101
1 1 1 1 1 1 1 1 1 1 1 1 1 1 1 1 1 1 1 1 1 1 1 1 1 1 1 1 1 1 1 1 1 1 1 1 1 1 1 1 1 -1 -1 -1 -1 -1 -1 -1 -1 -1 -1 -1 -1 -1 71 72 72 -1 72 83 83 83 83 -1 90 -1 -1 -1 -1 -1 -1 -1 -1 -1 -1 101 101 -1 101 101 101 101 101 -1 -1 -1 -1 -1 -1 101 101 101 101 101 101 101
1 1 1 1 1 1 1 1 1 1 1 1 1 1 1 1 1 1 1 1 1 1 1 1 1 1 1 1 1 1 1 1 1 1 1 1 1 1 1 1 1 1 -1 -1 -1 -1 -1 -1 -1 -1 -1 -1 -1 -1 -1 -1 72 59 59 59 83 83 -1 -1 -1 -1 -1 -1 -1 93 -1 -1 -1 -1 -1 -1 101 101 -1 -1 101 101 101 -1 -1 -1 -1 -1 101 101 101 101 101 101 101 101
1 1 1 1 1 1 1 1 1 1 1 1 1 1 1 1 1 1 1 1 1 1 1 1 1 1 1 1 1 1 1 1 1 1 1 1 1 1 1 1 1 1 1 -1 -1 -1 -1 -1 -1 -1 -1 71 71 -1 -1 -1 -1 -1 59 59 59 59 59 83 83 83 83 -1 -1 -1 -1 -1 94 -1 -1 -1 -1 101 101 -1 101 101 101 -1 -1 -1 -1 -1 101 101 101 101 101 101 101 101
1 1 1 1 1 1 1 1 1 1 1 1 1 1 1 1 1 1 1 1 1 1 1 1 1 1 1 1 1 1 1 1 1 1 1 1 1 1 1 1 39 39 39 39 39 39 -1 -1 57 -1 -1 71 71 71 -1 -1 -1 -1 59 59 59 59 59 -1 -1 -1 -1 -1 -1 -1 -1 -1 -1 -1 -1 -1 -1 -1 101 101 101 -1 101 -1 -1 -1 -1 -1 101 101 101 101 101 101 101 101
1 1 1 1 1 1 1 1 1 1 1 1 1 1 1 1 1 1 1 1 1 1 1 1 1 1 1 1 1 1 1 1 1 1 1 1 1 1 1 1 39 39 39 -1 -1 39 -1 57 57 -1 -1 39 -1 59 -1 -1 -1 -1 59 59 59 59 59 -1 -1 -1 64 -1 -1 -1 64 -1 -1 -1 -1 -1 -1 98 -1 101 101 -1 -1 -1 -1 -1 -1 -1 101 101 101 101 101 101 101 101
1 1 1 1 1 1 1 1 1 1 1 1 1 1 1 1 1 1 1 1 1 1 1 1 1 1 1 1 1 1 1 1 1 1 1 1 1 1 1 39 39 39 39 39 39 39 -1 -1 57 57 39 39 -1 59 59 59 59 59 59 59 59 59 59 59 -1 -1 64 -1 64 64 64 -1 -1 -1 -1 -1 -1 98 -1 98 -1 -1 -1 -1 -1 -1 -1 -1 101 101 101 101 101 101 101 101
1 1 1 1 1 1 1 1 1 1 1 1 1 1 1 1 1 1 1 1 1 1 1 1 1 1 1 1 1 1 1 1 1 1 1 1 39 39 1 39 39 39 39 39 39 39 -1 -1 -1 -1 -1 39 39 39 59 59 59 59 59 59 59 59 59 59 64 64 64 64 64 64 64 64 64 -1 -1 -1 -1 -1 -1 -1 -1 -1 -1 -1 -1 101 101 101 101 101 101 101 101 101 101 101
1 1 1 1 1 1 1 1 1 1 1 1 1 1 1 1 1 1 1 1 1 1 1 1 1 1 1 1 1 1 1 1 1 1 1 1 39 39 39 39 39 39 39 39 39 -1 -1 -1 -1 -1 39 39 39 39 39 39 59 59 59 59 59 59 59 59 64 64 64 64 64 64 64 64 64 64 64 -1 -1 -1 -1 -1 -1 -1 -1 -1 -1 101 -1 -1 101 101 101 101 101 101 101 101
1 1 1 1 1 1 1 1 1 1 1 1 1 1 1 1 1 1 1 1 1 1 1 1 1 1 1 1 1 1 1 1 1 1 1 39 39 39 39 39 39 39 39 39 39 -1 -1 -1 -1 39 39 39 39 39 39 39 39 59 59 59 59 59 59 59 64 64 64 64 64 64 64 64 -1 -1 -1 -1 -1 -1 -1 -1 -1 -1 -1 -1 -1 101 -1 -1 101 101 101 101 101 101 101 101
1 1 1 1 1 1 1 1 1 1 1 1 1 1 1 1 1 1 1 1 1 1 1 1 1 1 1 1 1 1 1 1 -1 -1 -1 39 39 39 39 39 39 39 39 39 39 -1 -1 -1 -1 39 39 39 39 39 39 39 59 59 59 59 59 59 59 59 64 64 64 64 64 64 64 64 -1 -1 -1 96 -1 -1 -1 -1 -1 -1 -1 -1 111 -1 -1 -1 -1 -1 -1 101 101 101 101 101
1 1 1 1 1 1 1 1 1 1 1 1 1 1 1 1 1 1 1 1 1 1 1 1 1 1 1 1 1 1 1 1 -1 -1 -1 39 39 39 39 39 39 39 39 39 39 39 39 39 39 39 39 39 39 39 39 39 59 59 59 59 59 59 59 59 64 64 64 64 64 64 64 64 -1 -1 -1 -1 97 -1 -1 -1 -1 -1 -1 -1 -1 -1 -1 -1 -1 -1 -1 101 101 101 101 101
1 1 1 1 1 1 1 1 1 1 1 1 1 1 1 1 1 1 1 1 1 1 1 1 1 1 1 1 1 -1 -1 -1 39 39 39 39 39 39 39 39 39 39 39 39 39 39 39 39 39 39 39 39 39 39 39 39 59 59 59 59 59 59 59 64 64 64 64 64 64 64 64 64 -1 -1 -1 -1 -1 -1 -1 -1 -1 -1 -1 -1 -1 -1 -1 -1 -1 -1 -1 101 101 101 101 101
1 1 1 1 1 1 1 1 1 1 1 1 1 1 1 1 1 1 1 1 1 1 1 1 1 1 1 1 1 -1 -1 -1 39 39 39 39 39 39 39 39 39 39 39 39 39 39 39 39 39 39 39 39 39 39 39 39 39 59 59 59 59 59 64 64 64 64 64 64 64 64 64 64 -1 -1 -1 -1 -1 -1 -1 -1 -1 -1 -1 -1 -1 -1 -1 -1 -1 -1 -1 101 101 101 101 101
1 1 1 1 1 1 1 1 1 1 1 1 1 1 1 1 1 1 1 1 1 1 1 1 1 1 1 1 1 -1 -1 -1 39 39 39 39 39 39 39 39 39 39 39 39 39 39 39 39 39 39 39 39 39 39 39 59 59 59 59 59 59 59 64 64 64 64 64 64 64 64 64 64 64 -1 -1 -1 -1 -1 -1 -1 104 -1 -1 -1 -1 -1 -1 -1 -1 -1 -1 -1 -1 -1 101 101
1 1 1 1 1 1 1 1 1 1 1 1 1 1 1 1 1 1 1 1 1 1 1 1 1 1 1 -1 -1 -1 -1 -1 39 -1 -1 39 39 39 39 39 39 39 39 39 39 39 39 39 39 39 39 39 39 39 39 59 59 59 59 59 59 59 64 64 64 64 64 64 64 64 64 64 64 -1 -1 -1 -1 -1 -1 -1 -1 -1 -1 -1 -1 -1 -1 -1 119 119 119 -1 -1 -1 101 101
1 1 1 1 1 1 1 1 1 1 1 1 1 1 1 1 1 1 1 1 1 1 1 1 1 1 -1 -1 -1 34 -1 -1 39 -1 -1 39 39 39 39 39 39 39 39 39 39 39 39 39 39 39 39 39 39 39 59 59 59 59 59 59 59 64 64 64 64 64 64 64 64 64 64 64 64 64 -1 -1 -1 -1 -1 -1 -1 -1 -1 -1 -1 -1 -1 -1 -1 -1 -1 -1 -1 -1 -1 -1
1 1 1 1 1 1 1 1 1 1 1 1 1 1 1 1 1 1 1 1 1 1 1 1 1 1 -1 -1 -1 34 -1 -1 38 -1 -1 -1 -1 -1 39 39 39 39 39 39 39 39 39 39 39 59 59 59 59 59 59 59 59 59 59 59 64 64 64 64 64 64 64 64 64 64 64 64 64 64 64 64 -1 -1 -1 -1 -1 -1 -1 -1 -1 -1 -1 -1 -1 -1 -1 -1 -1 -1 101 101
1 1 1 1 1 1 1 1 1 1 1 1 11 11 11 11 11 1 1 1 1 1 1 1 1 -1 -1 -1 -1 -1 -1 -1 38 -1 -1 -1 -1 -1 -1 39 39 39 39 39 39 39 39 39 59 59 59 59 59 59 59 59 59 59 59 59 64 64 64 64 64 64 64 64 64 64 64 64 64 64 -1 -1 -1 -1 -1 103 -1 -1 107 -1 -1 -1 -1 -1 -1 -1 -1 -1 -1 -1 101 101
1 1 1 1 1 1 1 1 1 1 1 1 11 11 11 11 11 11 11 1 1 1 1 1 -1 -1 -1 -1 -1 -1 -1 -1 38 -1 -1 39 -1 -1 -1 39 39 39 39 39 39 39 39 39 59 59 59 59 59 59 59 59 59 59 59 59 64 64 64 64 64 64 64 64 64 64 64 64 64 64 -1 -1 -1 -1 -1 103 -1 -1 -1 -1 -1 -1 -1 -1 -1 -1 -1 -1 -1 101 101 101
1 1 1 1 1 1 1 -1 -1 1 1 11 11 11 11 11 11 11 11 11 1 1 1 1 -1 -1 31 -1 -1 -1 -1 38 -1 -1 -1 39 39 39 39 39 39 39 39 39 39 39 39 39 59 39 59 59 59 59 59 59 59 59 59 64 64 64 64 64 64 64 64 64 64 64 64 64 64 64 -1 -1 -1 -1 -1 -1 -1 -1 -1 -1 -1 -1 -1 -1 -1 -1 -1 -1 124 -1 -1 -1
1 1 1 1 1 1 1 -1 -1 1 -1 11 11 11 11 11 11 11 11 11 11 1 1 1 -1 1 1 31 -1 -1 -1 -1 -1 -1 -1 39 39 39 39 39 39 39 39 39 39 39 39 39 39 39 39 59 59 59 59 59 59 59 59 64 64 64 64 64 64 64 64 64 64 64 64 64 64 64 64 64 64 -1 -1 -1 -1 -1 -1 -1 -1 112 -1 -1 -1 -1 -1 -1 -1 -1 -1 -1
1 1 1 1 1 1 -1 -1 -1 -1 -1 11 11 11 -1 -1 -1 -1 -1 11 11 1 1 1 1 1 -1 -1 -1 -1 -1 -1 -1 -1 -1 39 39 39 39 39 39 39 39 39 39 39 39 39 39 39 39 39 39 59 59 59 59 59 59 64 64 64 64 64 64 64 64 64 64 64 64 64 64 64 64 64 64 64 64 -1 -1 -1 -1 -1 -1 -1 -1 -1 -1 -1 -1 -1 -1 -1 -1 -1
1 1 1 1 1 1 -1 -1 -1 -1 -1 11 -1 -1 -1 -1 -1 -1 -1 11 11 11 1 1 1 -1 -1 -1 -1 -1 -1 -1 -1 39 39 39 39 39 39 39 39 39 39 39 39 39 39 39 39 39 39 39 39 -1 -1 78 78 78 64 64 64 64 64 64 64 64 64 64 64 64 64 64 64 64 64 64 64 64 64 -1 -1 -1 -1 -1 -1 -1 -1 -1 118 -1 -1 -1 -1 -1 101 101
1 1 1 1 1 1 -1 -1 -1 -1 -1 11 -1 -1 -1 -1 -1 -1 -1 11 11 1 1 11 1 11 11 11 11 -1 -1 -1 -1 39 39 39 39 39 39 39 39 39 39 39 39 39 39 39 39 39 39 39 39 -1 -1 78 78 78 64 64 64 64 64 64 64 64 64 64 64 64 64 64 64 64 64 64 64 64 64 64 -1 -1 106 106 106 -1 -1 -1 -1 -1 -1 122 -1 101 101 101
1 1 1 -1 -1 -1 -1 -1 -1 -1 -1 11 -1 -1 -1 -1 -1 -1 -1 11 11 11 11 11 11 11 11 -1 11 29 36 -1 -1 39 39 39 39 39 39 39 39 39 39 39 39 39 39 39 39 39 39 39 -1 -1 75 -1 78 78 -1 -1 64 64 64 64 64 64 64 64 64 64 64 64 64 64 64 64 64 64 64 64 64 64 -1 -1 -1 -1 -1 -1 -1 -1 -1 -1 -1 -1 -1 101
1 1 1 -1 -1 -1 -1 -1 -1 -1 -1 -1 -1 -1 -1 15 -1 11 11 11 11 11 11 11 11 11 11 11 11 29 29 39 39 39 39 39 39 39 39 39 39 39 39 39 39 39 39 39 39 39 39 39 -1 -1 -1 -1 78 -1 -1 85 -1 -1 64 64 64 64 64 64 64 64 64 64 64 64 64 64 64 64 64 64 64 -1 -1 -1 -1 -1 -1 -1 -1 -1 -1 -1 -1 -1 -1 101
1 1 1 -1 -1 -1 -1 -1 -1 -1 -1 -1 -1 -1 -1 -1 -1 11 11 11 11 11 11 11 11 11 11 11 29 29 29 39 39 39 39 39 39 39 39 39 39 39 39 39 39 39 39 39 39 39 39 39 -1 -1 -1 -1 -1 -1 -1 85 -1 -1 -1 64 64 64 64 64 64 64 64 64 64 64 64 64 64 64 64 64 64 -1 -1 -1 -1 -1 114 -1 -1 -1 -1 -1 -1 -1 101 101
1 -1 -1 -1 -1 -1 -1 -1 -1 -1 6 -1 -1 -1 -1 -1 -1 11 11 11 11 11 11 11 11 11 29 11 29 29 29 29 29 39 39 39 39 39 39 39 39 39 39 39 39 39 39 39 -1 -1 39 39 -1 -1 -1 77 -1 -1 -1 -1 -1 -1 -1 -1 -1 -1 -1 64 64 64 64 64 64 64 64 64 64 64 64 64 64 64 64 -1 -1 -1 -1 -1 -1 -1 -1 -1 -1 -1 101 101
1 -1 -1 -1 -1 -1 -1 -1 -1 -1 -1 -1 -1 -1 -1 -1 -1 -1 -1 -1 -1 11 11 11 11 11 29 29 29 29 29 29 29 29 29 39 39 39 39 39 39 39 39 39 39 39 39 39 -1 -1 39 39 -1 -1 -1 -1 -1 82 -1 -1 -1 -1 -1 -1 -1 -1 -1 64 64 64 64 64 64 64 64 64 64 64 64 64 64 64 -1 -1 -1 -1 -1 -1 -1 -1 -1 -1 -1 -1 -1 101
1 1 1 -1 -1 -1 -1 -1 -1 -1 -1 -1 -1 -1 -1 -1 17 -1 -1 -1 -1 -1 11 11 11 29 29 29 29 29 29 29 29 29 39 39 39 39 39 39 39 39 39 39 39 39 39 39 -1 -1 -1 -1 -1 -1 -1 -1 -1 -1 -1 -1 -1 -1 89 -1 -1 -1 -1 64 64 64 64 64 64 64 64 64 64 64 64 64 64 64 -1 -1 -1 -1 -1 115 115 -1 -1 -1 -1 -1 101 101
