input/maps/landmarkets1/patch-id-raster.asc
NCOLS 100
NROWS 100
XLLCORNER 238244.58
YLLCORNER 9789775.28
CELLSIZE 50
NODATA_VALUE NaN
[rows 42 to 83 of 100, columns 0 to 95 of 100]
523 523 523 523 523 523 523 523 523 523 523 523 533 533 533 533 533 533 523 523 523 523 523 523 523 12 12 10 10 10 21 21 526 22 22 22 24 24 24 526 526 526 526 526 526 526 526 526 526 529 529 529 529 529 529 529 529 529 529 525 525 525 525 525 525 525 525 525 525 525 525 525 525 525 394 394 394 394 394 650 69 69 543 65 65 173 -1 -1 47 47 411 354 354 354 527 527
523 523 523 523 523 523 523 523 523 523 523 523 533 533 533 533 533 533 533 533 533 523 523 523 523 12 12 10 10 10 -1 -1 526 22 22 526 24 24 24 526 526 526 526 526 526 526 526 526 526 529 529 529 529 529 529 529 529 529 529 525 525 525 525 525 525 525 525 525 525 525 525 525 525 525 394 394 394 394 394 650 69 449 449 449 173 173 173 -1 47 47 47 47 217 527 527 527
523 523 523 523 523 523 523 337 337 523 523 523 533 533 533 533 533 533 533 533 523 523 523 523 523 13 558 -1 -1 -1 -1 587 14 14 14 526 526 526 526 526 526 526 526 526 526 526 526 526 526 526 529 529 529 529 529 529 529 529 529 529 525 525 525 525 525 525 525 525 525 525 525 525 525 525 394 394 394 394 394 455 455 455 202 202 202 173 173 -1 47 47 47 47 641 457 457 457
523 523 523 523 523 523 523 337 337 523 246 533 533 533 533 533 533 533 533 533 533 523 523 523 42 558 558 558 11 11 11 11 14 14 14 526 526 526 526 526 526 526 526 526 526 526 526 526 526 526 529 529 529 529 529 529 529 529 529 525 525 525 525 525 525 525 525 525 525 525 525 525 525 525 525 525 525 394 394 455 455 455 202 202 202 635 153 -1 33 33 49 48 48 457 457 457
523 523 523 523 523 523 246 246 246 246 246 533 533 533 417 417 417 417 417 533 533 523 523 523 523 523 454 454 11 11 11 11 14 14 14 526 526 526 526 526 526 526 526 526 526 526 526 526 526 526 526 526 526 529 529 529 529 529 525 525 525 525 525 525 525 525 525 525 525 525 525 525 525 525 525 525 525 525 525 456 456 456 202 202 202 498 153 -1 33 33 49 48 48 457 457 457
523 523 523 523 523 523 246 246 246 246 246 571 248 248 417 417 417 417 417 533 533 523 523 523 523 42 454 454 156 156 11 11 26 526 526 526 526 526 526 526 526 526 526 526 526 526 526 526 526 526 526 526 526 385 385 577 577 577 577 525 525 525 525 525 525 525 525 525 525 525 525 525 525 525 525 525 525 525 525 456 456 456 202 202 202 498 -1 -1 559 49 49 49 515 515 527 527
523 523 523 523 523 523 246 246 246 246 246 571 248 248 417 417 417 417 417 533 533 533 533 533 533 533 533 533 533 156 26 26 26 526 526 526 526 526 526 526 526 526 526 526 526 526 526 526 526 526 526 526 526 385 385 577 577 577 577 525 525 525 525 525 525 525 525 525 525 525 525 525 525 525 525 525 525 525 525 525 456 456 570 570 570 498 -1 114 114 497 497 623 515 527 527 527
523 523 523 282 282 282 246 246 246 246 246 571 248 248 417 417 417 417 417 533 533 533 533 533 533 533 533 156 533 601 601 26 26 526 526 526 526 526 526 526 526 526 526 526 526 526 526 526 526 526 526 526 288 288 646 328 577 577 471 471 525 525 525 525 525 525 525 525 525 525 525 525 525 525 525 525 525 525 525 525 525 525 154 154 154 154 -1 114 114 497 497 513 513 513 513 527
523 523 523 282 282 282 336 336 336 336 336 -1 29 29 29 643 285 533 533 533 533 533 533 533 533 533 533 533 555 555 526 526 526 526 526 526 526 526 526 526 526 526 526 526 526 526 526 526 526 526 526 526 288 288 171 328 577 328 328 536 486 486 525 525 525 525 525 525 525 525 525 525 525 525 525 525 525 525 525 525 525 521 521 154 154 154 -1 -1 314 314 314 513 513 513 513 527
523 523 523 282 282 282 336 336 336 245 245 -1 29 29 29 285 285 533 533 533 533 533 533 533 533 533 533 555 555 555 555 555 526 526 526 526 526 526 526 526 526 526 526 526 526 526 526 526 526 526 526 526 288 288 171 328 -1 287 287 536 486 486 486 525 525 525 525 525 525 525 525 525 525 525 525 525 525 525 525 525 525 521 521 154 154 154 619 -1 314 314 314 314 513 513 527 527
523 305 305 305 280 280 280 280 280 245 571 -1 416 247 284 284 284 533 533 533 533 533 533 533 533 533 533 555 555 555 555 555 526 526 526 526 526 526 526 526 526 526 526 526 526 526 526 526 489 489 526 526 151 151 151 540 -1 286 286 286 486 486 486 470 470 470 470 525 525 525 525 525 525 525 525 525 525 525 525 525 525 525 525 154 154 154 315 -1 155 155 155 155 514 513 527 527
523 305 305 305 280 280 280 280 280 56 30 -1 416 247 284 284 284 304 304 410 410 533 533 533 533 533 533 555 555 555 555 555 555 555 526 526 526 526 526 526 526 526 526 526 526 526 526 526 489 489 526 526 151 151 151 -1 -1 624 286 286 486 486 486 470 470 470 470 525 525 525 525 525 525 525 525 525 525 525 525 525 525 525 412 412 412 412 315 -1 155 155 155 155 514 514 514 527
523 523 523 281 281 280 280 280 280 56 30 -1 58 58 284 284 562 304 304 410 410 410 533 533 533 533 555 555 555 555 555 555 555 555 526 526 526 526 526 526 526 526 526 526 526 526 526 526 489 489 487 487 151 151 151 -1 20 20 20 479 239 239 617 470 470 470 470 525 525 525 525 525 525 525 525 525 525 525 525 525 525 525 412 412 412 412 214 603 603 155 155 155 514 514 527 527
523 523 281 281 281 280 280 191 56 56 56 -1 58 58 58 279 279 304 265 307 307 533 533 442 442 555 555 555 555 555 355 355 555 555 555 526 526 526 526 526 526 526 526 526 526 526 526 526 489 489 489 152 152 152 152 -1 20 20 20 479 239 239 617 470 470 470 470 525 525 525 525 525 525 525 525 525 525 525 525 525 525 516 412 412 620 620 214 603 548 155 155 155 527 527 527 527
523 523 281 281 281 191 191 191 56 56 56 -1 58 58 58 279 279 45 265 265 307 400 400 442 442 555 555 555 555 555 355 355 555 555 526 526 526 526 526 526 526 526 526 526 526 526 526 526 480 480 480 152 152 152 152 -1 -1 351 205 205 205 205 205 205 525 525 525 525 525 525 525 525 525 525 525 525 525 525 525 525 525 516 516 516 316 316 316 316 548 548 155 527 527 527 527 527
523 523 327 327 523 191 191 191 56 56 56 -1 -1 44 44 45 45 45 265 265 544 400 400 442 555 555 74 74 74 555 355 355 355 555 526 526 526 526 526 526 526 526 526 526 526 526 526 526 480 480 480 152 152 152 19 19 -1 351 205 205 205 205 205 488 488 525 525 525 525 525 525 525 525 525 525 525 525 525 525 525 525 516 516 516 316 316 316 316 548 548 527 527 527 527 527 527
523 523 327 327 523 191 191 191 56 56 56 56 -1 44 44 45 45 45 265 265 278 400 400 544 555 74 74 74 74 74 177 177 555 555 526 555 526 526 526 526 526 526 526 526 526 526 526 526 480 480 480 152 152 152 19 19 -1 638 205 141 141 478 478 488 488 525 525 525 525 525 525 525 525 525 525 525 525 525 525 525 525 525 525 525 316 316 316 316 548 548 548 527 527 527 527 527
523 523 327 327 523 191 191 191 191 266 266 645 -1 -1 45 45 45 45 265 265 278 132 132 544 132 74 74 74 74 74 177 177 555 555 555 555 526 526 526 526 526 526 526 526 448 448 448 448 448 477 477 477 472 164 164 627 -1 -1 113 141 141 478 478 478 525 525 525 525 525 525 525 525 525 525 525 525 525 525 525 525 343 343 343 343 430 316 316 316 548 548 548 527 527 527 527 527
523 523 523 523 523 523 523 523 523 266 266 57 57 -1 -1 190 306 265 265 265 165 544 544 544 132 74 74 74 74 74 177 177 555 401 401 526 526 526 526 526 526 526 526 526 526 448 448 448 448 477 477 472 472 140 140 140 -1 -1 113 141 556 273 273 276 276 276 525 525 525 525 525 525 525 525 525 525 525 525 525 525 343 343 343 343 430 430 308 308 374 548 548 527 527 527 527 527
523 523 523 523 523 523 523 523 523 266 266 546 546 546 -1 190 613 265 265 175 165 544 544 132 132 74 74 74 74 74 176 176 401 401 401 526 526 526 526 526 526 526 526 526 526 448 448 448 448 396 477 472 472 140 140 140 -1 113 113 113 556 273 273 276 276 276 276 525 525 525 525 525 525 525 525 525 525 525 431 431 343 343 343 343 378 378 308 308 548 548 527 527 527 527 527 527
523 523 523 523 523 523 523 452 452 452 523 238 238 238 238 238 238 238 238 175 165 63 544 -1 -1 74 74 71 71 71 176 176 176 441 441 526 526 526 526 526 526 526 526 526 526 448 448 448 448 396 396 396 142 142 142 -1 -1 113 113 113 143 143 588 276 276 276 276 525 525 525 525 525 525 525 525 525 525 525 431 431 459 343 343 343 378 378 308 308 548 290 290 527 460 460 527 527
523 523 523 523 523 523 523 452 452 452 523 238 238 238 238 238 238 238 238 175 175 63 63 63 -1 62 62 71 71 71 176 176 176 441 441 526 526 526 526 526 526 526 520 520 526 298 298 298 448 396 396 396 142 142 158 -1 113 113 113 113 143 143 588 276 276 275 525 525 525 525 525 525 525 525 525 525 525 525 525 525 459 343 343 343 342 308 308 308 548 290 290 290 460 460 460 527
523 523 523 523 523 523 523 523 523 523 523 238 238 238 238 238 238 238 238 175 175 146 146 345 -1 62 62 71 71 71 176 176 176 350 350 526 350 350 350 526 526 526 520 520 298 298 298 298 158 158 158 158 158 158 158 -1 113 113 113 113 644 174 174 174 174 275 525 525 525 525 525 525 525 525 525 525 458 458 458 458 289 199 199 199 342 193 193 46 548 290 290 290 460 460 460 527
523 523 523 523 523 523 523 405 405 404 404 238 238 238 238 238 238 238 238 175 175 146 146 345 -1 -1 -1 89 89 72 72 634 312 350 350 526 350 350 170 526 526 526 520 520 298 298 298 298 256 256 163 163 133 133 133 -1 611 134 134 134 134 174 174 174 174 525 525 525 525 525 525 525 525 525 525 525 458 458 458 458 289 289 199 199 198 193 193 -1 -1 290 290 290 340 384 384 527
523 523 523 523 523 523 523 405 405 404 629 238 238 238 238 238 238 238 76 76 76 146 -1 -1 -1 41 -1 -1 89 647 72 312 312 350 350 542 170 170 170 526 553 553 553 553 496 294 294 298 256 256 163 163 133 133 133 -1 54 134 134 134 160 159 159 159 525 525 525 525 525 525 525 525 525 525 525 525 525 458 458 379 379 195 195 199 198 193 -1 -1 607 196 196 196 340 384 384 527
523 523 523 523 523 523 523 405 405 629 629 238 238 238 238 238 238 238 76 76 76 -1 -1 64 64 64 560 -1 -1 90 90 90 90 90 90 542 170 553 553 553 553 553 496 553 553 553 553 -1 -1 -1 -1 -1 -1 -1 -1 -1 54 134 134 134 160 160 159 159 525 525 525 525 525 525 525 525 525 525 525 525 525 458 631 379 379 195 192 192 192 -1 -1 9 9 196 196 196 341 341 527 527
523 523 523 523 523 465 465 465 465 629 397 238 238 238 238 238 238 238 640 76 76 -1 522 64 64 64 64 168 -1 90 90 90 90 90 90 542 542 542 124 553 553 553 496 496 496 295 -1 137 137 139 139 139 567 161 161 54 54 145 145 160 160 160 277 525 525 525 525 525 525 525 525 525 525 525 525 525 525 383 383 551 197 197 192 192 -1 -1 9 9 196 196 196 196 341 341 500 500
523 466 466 466 523 465 465 465 465 397 397 238 238 583 583 346 148 148 148 637 -1 -1 73 64 64 64 64 168 -1 90 90 90 90 90 90 542 542 124 124 357 357 553 553 517 517 517 -1 137 137 297 297 297 162 161 161 444 444 557 160 160 160 160 277 525 525 525 525 525 525 525 525 525 525 525 525 525 383 383 383 551 197 197 375 568 -1 -1 9 9 196 196 196 196 341 341 597 500
523 466 466 466 523 523 465 465 465 397 397 347 347 347 346 346 148 148 148 -1 -1 344 73 64 64 64 64 237 549 90 90 90 90 90 549 549 124 124 124 357 357 518 518 518 373 373 -1 137 296 138 138 162 162 616 443 444 444 557 160 160 274 502 502 502 525 525 525 525 525 525 525 525 525 525 525 525 383 383 383 300 300 300 300 568 0 -1 194 194 194 194 194 609 341 597 597 597
523 466 466 466 523 523 523 538 538 538 538 538 347 347 402 -1 -1 -1 -1 -1 216 344 73 313 625 237 237 237 549 167 121 121 121 549 549 542 122 122 122 622 622 518 518 518 373 373 -1 60 296 296 138 162 162 616 443 446 525 447 447 274 274 502 502 502 502 525 525 525 525 525 525 525 525 525 525 525 383 383 383 300 300 300 300 568 0 -1 194 194 98 98 271 271 348 348 597 419
523 523 523 523 523 523 523 538 464 464 347 538 538 347 402 538 242 75 75 75 216 344 243 243 203 120 120 120 549 549 549 -1 -1 549 549 118 122 122 122 122 358 358 358 612 373 373 -1 60 296 296 359 576 446 446 446 446 525 447 447 274 274 525 525 503 503 503 504 504 504 525 525 525 525 525 525 525 525 525 381 381 381 300 300 568 0 -1 -1 98 98 98 271 271 348 415 415 419
523 523 523 523 523 538 538 538 538 538 347 347 538 538 538 538 242 75 75 75 216 241 241 203 203 120 120 120 108 108 108 -1 -1 91 91 118 122 122 122 122 358 358 358 519 519 59 564 564 445 296 576 576 446 446 446 446 525 447 447 525 525 525 525 503 503 503 525 504 504 525 525 525 525 525 525 525 421 421 381 381 380 380 568 568 115 15 -1 98 98 98 95 95 96 415 415 419
523 523 523 523 538 538 538 538 538 538 538 403 403 538 538 242 423 75 75 639 241 241 241 203 203 120 120 120 108 108 108 -1 -1 91 91 118 122 122 122 122 358 358 530 530 61 537 564 564 445 445 445 445 445 525 525 525 525 447 447 525 525 525 525 503 503 503 525 525 525 525 525 525 525 525 525 525 421 421 381 381 380 568 568 568 115 15 -1 -1 98 95 95 95 96 415 415 353
523 523 523 523 538 538 538 538 538 451 451 244 244 244 244 244 423 75 75 241 241 241 112 112 112 651 109 108 108 108 -1 590 91 91 91 122 122 122 122 122 358 358 530 530 537 537 564 564 445 445 445 445 525 525 525 525 525 525 525 525 525 525 525 525 525 525 525 525 525 525 525 525 525 525 525 525 525 525 381 381 382 382 272 568 568 15 15 -1 -1 -1 581 96 96 257 257 353
523 523 523 523 538 538 538 538 538 538 538 244 244 244 244 244 150 150 150 150 150 150 112 112 112 109 109 108 108 -1 -1 111 111 111 125 125 125 125 530 530 530 530 530 530 537 61 595 595 445 445 445 445 525 525 525 525 525 525 525 525 525 525 525 525 525 525 525 525 525 525 525 525 525 525 525 525 525 525 381 381 525 272 272 272 568 15 15 15 40 -1 -1 -1 -1 -1 349 349
523 523 523 523 538 538 538 538 538 538 538 244 244 244 244 244 150 150 150 150 150 149 591 110 110 110 110 107 -1 -1 590 111 111 111 125 125 125 125 169 169 530 530 530 537 537 537 595 595 595 426 525 525 525 525 525 525 525 525 525 525 525 525 525 525 525 525 525 525 525 525 525 525 525 525 525 525 525 525 525 525 525 468 468 468 568 568 40 40 40 97 99 99 -1 -1 594 594
523 523 523 523 538 538 538 356 389 389 538 244 244 244 244 244 150 150 150 150 150 149 149 110 110 110 110 615 -1 55 55 111 111 111 111 125 125 125 530 530 530 530 530 537 537 537 595 188 595 426 184 184 525 525 525 525 525 525 525 525 525 525 525 525 525 525 525 525 525 525 525 525 525 525 525 525 525 525 525 525 525 468 468 468 40 568 40 40 40 97 97 99 414 594 -1 594
523 523 523 523 523 356 356 356 389 389 389 244 244 244 244 244 150 150 150 150 150 149 149 149 83 83 -1 -1 55 55 55 119 119 119 648 125 530 530 530 530 530 530 537 537 537 537 537 537 426 426 426 184 525 525 525 525 525 225 225 525 525 525 525 525 525 525 525 525 525 525 525 525 525 525 525 525 525 525 525 525 525 468 468 468 468 550 40 40 40 97 97 99 414 414 594 -1
523 523 523 523 523 523 356 356 626 626 231 231 301 572 240 240 150 150 150 150 150 149 149 591 591 591 -1 615 55 299 299 119 119 119 119 200 200 530 530 530 530 530 537 537 537 485 183 552 183 183 183 630 182 182 182 182 182 225 225 225 525 525 525 525 525 525 525 525 525 525 525 525 525 525 525 525 525 525 525 525 525 525 468 468 468 550 420 100 100 100 100 99 586 127 127 127
523 523 263 263 263 523 523 339 339 339 231 231 301 301 240 240 150 309 309 310 166 166 591 591 39 39 39 39 598 299 299 119 119 119 119 200 200 530 530 530 530 530 537 537 537 552 183 552 183 183 183 182 182 182 182 182 182 225 225 225 525 525 525 525 525 525 525 525 525 525 525 525 525 525 525 525 525 525 525 525 525 501 501 501 550 550 420 100 100 100 100 99 127 127 127 127
523 523 263 263 263 263 585 390 233 231 231 231 -1 -1 -1 -1 -1 309 541 310 166 591 591 39 39 39 39 39 598 299 299 119 119 119 119 386 386 530 530 530 530 530 131 131 493 552 552 552 183 183 183 182 182 182 182 182 182 187 525 525 525 525 525 525 525 525 525 525 525 525 525 525 525 525 525 525 525 525 525 525 525 525 501 501 495 535 495 100 100 100 100 99 418 418 4 4
523 523 263 263 263 263 585 585 233 232 232 -1 -1 338 338 221 -1 541 541 600 600 591 166 39 39 39 39 39 598 361 361 361 387 387 530 530 530 530 530 530 605 605 131 131 552 552 185 183 183 183 183 182 182 182 182 182 182 187 525 525 525 525 525 525 525 525 525 525 525 525 525 525 525 525 525 525 525 525 525 525 525 525 501 501 535 535 495 100 100 100 100 418 418 418 535 255
