input/maps/landmarkets2/forest-patch-raster.asc
NCOLS 100
NROWS 100
XLLCORNER 238244.587426
YLLCORNER 9789775.284544
CELLSIZE 50
NODATA_VALUE NaN
[rows 0 to 53 of 100, columns 0 to 95 of 100]
6 6 6 6 6 6 6 6 6 6 6 6 6 6 6 6 6 6 6 6 6 6 6 6 6 6 6 6 6 6 6 6 6 6 6 6 6 6 6 6 6 6 6 6 -1 -1 -1 -1 -1 -1 -1 -1 79 -1 84 84 84 84 84 84 84 84 84 84 84 84 84 84 84 84 84 84 84 84 84 84 84 84 84 -1 -1 -1 -1 -1 -1 108 108 108 108 108 108 108 108 108 108 108
6 6 6 6 6 6 6 6 6 6 6 6 6 6 6 6 6 6 6 6 6 6 6 6 6 6 6 6 6 6 6 6 6 6 6 6 6 6 6 6 6 6 6 6 -1 -1 -1 -1 -1 -1 -1 -1 -1 -1 84 84 -1 -1 -1 -1 -1 84 84 84 84 84 84 84 84 84 84 84 84 84 84 84 84 84 84 -1 -1 -1 -1 -1 -1 108 108 108 108 108 108 108 108 108 108 108
6 6 6 6 6 6 6 6 6 6 6 6 6 6 6 6 6 6 6 6 6 6 6 6 6 6 6 6 6 6 6 6 6 6 6 6 6 6 6 6 6 6 6 6 -1 -1 -1 -1 -1 -1 -1 -1 -1 -1 -1 -1 -1 -1 -1 -1 -1 84 84 84 84 84 84 84 84 -1 -1 -1 84 84 84 84 84 -1 -1 -1 -1 -1 -1 -1 -1 -1 -1 -1 -1 108 108 108 108 108 108 108
6 6 6 6 6 6 6 6 6 6 6 6 6 6 6 6 6 6 6 6 6 6 6 6 6 6 6 6 6 6 6 6 6 6 6 6 6 6 6 6 6 6 6 6 -1 66 -1 -1 -1 -1 -1 -1 -1 -1 -1 -1 -1 -1 -1 -1 -1 84 84 84 84 84 84 84 84 -1 -1 -1 84 84 84 84 84 -1 -1 -1 -1 -1 -1 -1 -1 -1 -1 -1 -1 108 108 108 108 108 108 108
6 6 6 6 6 6 6 6 6 6 6 6 6 6 6 6 6 6 6 6 6 6 6 6 6 6 6 6 6 6 6 6 6 6 6 6 6 6 6 6 6 6 6 6 -1 -1 -1 -1 -1 -1 -1 -1 -1 -1 -1 -1 -1 -1 -1 -1 -1 84 84 84 84 84 84 84 84 -1 -1 -1 -1 -1 84 84 84 84 -1 -1 -1 -1 -1 -1 118 -1 -1 -1 -1 108 108 108 108 108 108 108
6 6 6 6 6 6 6 6 6 6 6 6 6 6 6 6 6 6 6 6 6 6 6 6 6 6 6 6 6 6 6 6 6 6 6 6 6 6 6 6 6 6 6 6 -1 -1 -1 -1 -1 -1 -1 -1 -1 -1 -1 -1 -1 -1 -1 84 84 84 84 84 84 84 84 84 -1 -1 -1 -1 -1 -1 -1 84 84 84 84 -1 -1 -1 -1 118 118 -1 -1 -1 -1 108 108 108 108 108 108 108
6 6 6 6 6 6 6 6 6 6 6 6 6 6 6 6 6 6 6 6 6 6 6 6 6 6 6 6 6 6 6 6 6 6 6 6 6 6 6 6 6 6 6 6 -1 -1 -1 -1 -1 -1 -1 -1 -1 -1 -1 -1 -1 -1 -1 -1 -1 -1 84 84 84 84 84 -1 -1 -1 -1 -1 -1 -1 -1 84 -1 -1 84 -1 -1 -1 -1 -1 -1 -1 -1 -1 -1 108 108 108 108 108 108 108
6 6 6 6 6 6 6 6 6 6 6 6 6 6 6 6 6 6 6 6 6 6 6 6 6 6 6 6 6 6 6 6 6 6 6 6 6 6 6 6 6 6 6 6 -1 6 6 6 -1 -1 -1 -1 -1 -1 -1 -1 -1 -1 -1 -1 -1 -1 -1 -1 -1 84 84 -1 -1 -1 -1 -1 -1 -1 -1 84 -1 -1 84 84 -1 -1 -1 -1 -1 -1 -1 -1 -1 108 108 108 108 108 108 108
6 6 6 6 6 6 6 6 6 6 6 6 6 6 6 6 6 6 6 6 6 6 6 6 6 6 6 6 6 6 6 6 6 6 6 6 6 6 6 6 6 6 6 6 6 6 6 6 -1 73 -1 -1 -1 -1 -1 -1 -1 92 -1 -1 -1 -1 -1 -1 -1 -1 -1 -1 -1 102 -1 -1 -1 -1 -1 -1 -1 -1 -1 -1 -1 -1 -1 117 -1 -1 -1 -1 108 108 108 108 108 108 108 108
6 6 6 6 6 6 6 6 6 6 6 6 6 6 6 6 6 6 6 6 6 6 6 6 6 6 6 6 6 6 6 6 6 6 6 6 6 6 6 6 6 6 6 6 6 -1 -1 6 -1 -1 -1 -1 -1 -1 -1 -1 -1 -1 -1 -1 -1 87 -1 -1 -1 -1 99 -1 -1 -1 -1 -1 -1 -1 -1 -1 109 -1 -1 -1 -1 115 -1 -1 -1 126 -1 -1 -1 -1 -1 -1 108 108 108 108
6 6 6 6 6 6 6 6 6 6 6 6 6 6 6 6 6 6 6 6 6 6 6 6 6 6 6 6 6 6 6 6 6 6 6 6 6 6 6 6 6 6 6 6 6 -1 -1 -1 -1 -1 -1 -1 -1 -1 -1 -1 89 -1 -1 -1 -1 87 -1 -1 -1 -1 99 -1 -1 -1 -1 -1 -1 -1 -1 -1 -1 -1 -1 -1 -1 -1 -1 -1 -1 126 -1 -1 -1 -1 -1 -1 108 108 108 108
6 6 6 6 6 6 6 6 6 6 6 6 6 6 6 6 6 6 6 6 6 6 6 6 6 6 6 6 6 6 6 6 6 6 6 6 6 6 6 6 6 6 6 6 6 -1 -1 -1 -1 -1 -1 -1 -1 83 -1 -1 -1 87 87 -1 -1 87 87 87 87 87 -1 -1 -1 -1 -1 -1 -1 -1 -1 -1 -1 -1 -1 -1 -1 -1 -1 -1 -1 -1 -1 -1 -1 -1 -1 -1 108 108 108 108
6 6 6 6 6 6 6 6 6 6 6 6 6 6 6 6 6 6 6 6 6 6 6 6 6 6 6 6 6 6 6 6 6 6 6 6 6 6 6 6 6 6 6 6 6 -1 -1 -1 -1 -1 -1 -1 -1 -1 -1 -1 -1 87 -1 -1 -1 87 87 87 -1 -1 -1 -1 -1 -1 -1 -1 -1 -1 -1 -1 -1 -1 -1 -1 -1 -1 -1 -1 -1 -1 -1 -1 -1 -1 -1 -1 108 108 108 108
6 6 6 6 6 6 6 6 6 6 6 6 6 6 6 6 6 6 6 6 6 6 6 6 6 6 6 6 6 6 6 6 6 6 6 6 6 6 6 6 6 6 6 6 6 6 6 6 6 -1 -1 -1 -1 -1 -1 -1 87 87 87 87 87 87 87 87 -1 -1 -1 -1 -1 -1 -1 -1 -1 -1 -1 -1 -1 -1 -1 -1 -1 -1 -1 -1 -1 -1 -1 -1 -1 -1 -1 -1 108 108 108 108
6 6 6 6 6 6 6 6 6 6 6 6 6 6 6 6 6 6 6 6 6 6 6 6 6 6 6 6 6 6 6 6 6 6 6 6 6 6 6 6 6 6 6 6 6 6 6 6 6 -1 -1 -1 -1 -1 -1 -1 87 87 87 87 87 87 -1 -1 -1 -1 -1 -1 -1 -1 -1 -1 -1 -1 -1 -1 -1 -1 -1 112 -1 -1 -1 -1 -1 -1 -1 -1 -1 -1 -1 -1 108 108 108 108
6 6 6 6 6 6 6 6 6 6 6 6 6 6 6 6 6 6 6 6 6 6 6 6 6 6 6 6 6 6 6 6 6 6 6 6 6 6 6 6 6 6 6 6 6 6 6 6 6 6 6 -1 -1 82 -1 -1 87 87 87 87 87 87 -1 -1 -1 -1 -1 -1 -1 -1 -1 -1 -1 -1 -1 -1 -1 -1 -1 112 -1 -1 -1 -1 -1 -1 -1 -1 -1 -1 108 108 108 108 108 108
6 6 6 6 6 6 6 6 6 6 6 6 6 6 6 6 6 6 6 6 6 6 6 6 6 6 6 6 6 6 6 6 6 6 6 6 6 6 6 6 6 6 6 6 6 6 6 62 62 62 6 -1 -1 -1 -1 87 87 87 87 87 87 87 -1 -1 -1 -1 98 -1 -1 -1 -1 -1 -1 -1 106 -1 -1 -1 -1 -1 -1 -1 -1 -1 -1 -1 -1 -1 -1 -1 -1 -1 108 108 108 108
6 6 6 6 6 6 6 6 6 6 6 6 6 6 6 6 6 6 6 6 6 6 6 6 6 6 6 6 6 6 6 6 6 6 6 6 6 6 6 6 6 6 6 6 6 6 62 62 62 62 62 62 62 -1 -1 62 87 87 87 87 87 87 87 -1 -1 -1 -1 -1 -1 -1 -1 -1 -1 -1 -1 -1 -1 -1 -1 -1 -1 -1 -1 -1 120 -1 -1 -1 -1 -1 -1 -1 108 108 108 108
6 6 6 6 6 6 6 6 6 6 6 6 6 6 6 6 6 6 6 6 6 6 6 6 6 6 6 6 6 6 6 6 6 6 6 6 6 6 6 6 6 6 6 6 62 62 62 62 62 62 62 62 62 62 62 62 87 87 87 87 87 87 87 -1 -1 -1 -1 -1 -1 -1 103 -1 -1 -1 -1 -1 -1 -1 -1 -1 -1 -1 -1 -1 -1 -1 -1 -1 -1 -1 -1 -1 108 108 108 108
6 6 6 6 6 6 6 6 6 6 6 6 6 6 6 6 6 6 6 6 6 6 6 6 6 6 6 6 6 6 6 6 6 6 6 6 6 6 6 6 6 6 6 6 62 62 62 62 62 62 62 62 62 62 62 62 62 87 87 87 87 87 -1 -1 -1 -1 -1 -1 -1 -1 103 -1 -1 -1 -1 -1 -1 -1 -1 -1 -1 -1 -1 -1 -1 -1 -1 -1 108 -1 -1 -1 108 108 108 108
6 6 6 6 6 6 6 6 6 6 6 6 6 6 6 6 6 6 6 6 6 6 6 6 6 6 6 6 6 6 6 6 6 6 6 6 6 6 6 6 6 6 6 6 6 62 62 62 62 62 62 62 62 62 62 62 62 87 87 87 87 87 87 -1 -1 -1 -1 -1 -1 -1 -1 -1 -1 -1 -1 -1 -1 -1 -1 -1 -1 -1 -1 -1 -1 -1 -1 -1 108 108 108 108 108 108 108 108
6 6 6 6 6 6 6 6 6 6 6 6 6 6 6 6 6 6 6 6 6 6 6 6 6 6 6 6 6 6 6 6 6 6 6 6 6 6 6 6 6 6 62 62 62 62 62 62 62 62 62 62 -1 -1 62 62 62 62 87 87 87 87 87 -1 -1 -1 97 97 -1 -1 -1 -1 -1 -1 -1 -1 -1 -1 -1 -1 -1 -1 -1 -1 -1 -1 108 108 108 108 108 108 108 108 108 108
6 6 6 6 6 6 6 6 6 6 6 6 6 6 6 6 6 6 6 6 6 6 6 6 6 6 6 6 6 6 6 6 6 6 6 6 6 6 6 6 6 62 62 62 62 62 62 62 62 69 -1 -1 -1 -1 62 62 62 62 87 87 87 87 -1 -1 -1 -1 97 97 -1 -1 -1 -1 -1 -1 -1 105 -1 -1 -1 -1 -1 -1 -1 -1 -1 108 108 108 108 108 108 108 108 108 108 108
6 6 6 6 6 6 6 6 6 6 6 6 6 6 6 6 6 6 6 6 6 6 6 6 6 6 6 6 6 6 6 6 6 6 6 6 6 6 6 6 62 62 62 62 62 62 62 62 62 69 -1 -1 -1 62 62 62 62 62 87 87 87 87 -1 -1 -1 -1 -1 -1 -1 101 -1 -1 -1 -1 105 -1 -1 -1 108 108 108 108 -1 -1 -1 108 108 108 108 108 108 108 108 108 108 108
6 6 6 6 6 6 6 6 6 6 6 6 6 6 6 6 6 6 6 6 6 6 6 6 6 6 6 6 6 6 6 6 6 6 6 6 6 6 6 6 62 62 62 62 62 62 62 69 69 69 -1 -1 -1 -1 -1 -1 -1 -1 87 87 87 -1 -1 -1 96 -1 -1 -1 -1 -1 -1 -1 -1 -1 -1 108 108 108 108 108 108 108 108 108 108 108 108 108 108 108 108 108 108 108 108 108
6 6 6 6 6 6 6 6 6 6 6 6 6 6 6 6 6 6 6 6 6 6 6 6 6 6 6 6 6 6 6 6 6 6 6 6 6 6 6 6 -1 -1 62 62 62 62 -1 -1 69 69 69 -1 -1 -1 -1 -1 -1 -1 87 87 87 -1 -1 -1 -1 -1 -1 100 -1 -1 -1 -1 -1 -1 -1 -1 -1 -1 -1 -1 108 108 108 108 108 108 108 108 108 108 108 108 108 108 108 108
6 6 6 6 6 6 6 6 6 6 6 6 6 6 6 6 6 6 6 6 6 6 6 6 6 6 6 6 6 6 6 6 6 6 6 6 -1 -1 -1 -1 -1 -1 62 62 62 -1 -1 -1 -1 -1 -1 -1 -1 -1 -1 -1 -1 -1 87 87 87 87 87 87 87 87 87 -1 -1 -1 -1 -1 -1 -1 -1 -1 -1 -1 -1 -1 108 108 108 108 108 108 108 108 108 108 108 108 108 108 108 108
6 6 6 6 6 6 6 6 6 6 6 6 6 6 6 6 6 6 6 6 6 6 6 6 6 6 6 6 6 6 6 6 6 6 6 6 -1 -1 -1 -1 -1 -1 61 -1 -1 -1 -1 -1 -1 -1 -1 -1 -1 -1 -1 -1 -1 -1 93 95 95 87 95 87 87 -1 -1 -1 -1 -1 -1 -1 -1 -1 -1 -1 -1 -1 -1 -1 108 108 108 108 108 108 108 108 108 108 108 108 108 108 108 108
6 6 6 6 6 6 6 6 6 6 6 6 6 6 6 6 6 6 6 6 6 6 6 6 6 6 6 6 6 6 6 6 6 -1 -1 -1 -1 56 -1 -1 -1 -1 61 -1 -1 -1 -1 -1 -1 -1 -1 -1 -1 -1 -1 86 86 86 -1 95 95 95 95 71 71 -1 -1 -1 -1 -1 -1 -1 -1 -1 -1 -1 -1 -1 -1 -1 108 108 108 108 108 108 108 108 108 -1 -1 108 108 108 108 108
6 6 6 6 6 6 6 6 6 6 6 6 6 6 6 6 6 6 6 6 6 6 6 6 6 6 6 6 6 6 6 6 6 -1 -1 -1 -1 -1 -1 -1 61 61 61 -1 -1 -1 -1 -1 -1 -1 -1 -1 -1 -1 -1 -1 -1 -1 -1 -1 95 95 71 71 71 71 71 -1 -1 -1 -1 -1 -1 -1 104 -1 -1 -1 -1 -1 108 108 108 108 108 108 108 108 -1 -1 -1 108 108 108 108 108
6 6 6 6 6 6 6 6 6 -1 -1 -1 -1 -1 6 6 6 6 6 6 6 6 6 6 6 6 6 6 6 6 6 6 6 -1 53 -1 -1 -1 57 -1 -1 -1 -1 -1 -1 -1 -1 51 51 -1 -1 -1 -1 -1 -1 -1 -1 -1 -1 -1 95 95 95 71 71 71 71 -1 -1 -1 -1 -1 -1 -1 -1 -1 107 -1 -1 -1 108 108 108 108 108 108 108 108 -1 -1 -1 108 108 108 108 108
6 6 6 6 6 6 6 6 6 6 -1 -1 -1 -1 6 6 6 6 6 6 6 6 6 6 6 6 -1 -1 -1 6 -1 -1 -1 -1 -1 -1 -1 -1 -1 -1 -1 -1 -1 51 51 51 51 51 51 51 51 -1 -1 -1 -1 -1 -1 -1 -1 -1 95 95 95 95 71 71 71 -1 -1 -1 -1 -1 -1 -1 -1 -1 -1 -1 -1 -1 -1 108 108 108 108 108 108 108 -1 -1 -1 108 108 108 108 108
6 6 6 6 6 6 6 6 6 6 -1 -1 -1 -1 6 6 6 6 6 6 6 6 6 6 6 6 -1 -1 -1 6 -1 49 -1 -1 -1 -1 -1 -1 -1 -1 -1 -1 -1 51 51 51 -1 -1 -1 -1 -1 -1 -1 -1 -1 -1 -1 -1 -1 -1 95 -1 -1 -1 71 71 71 -1 -1 -1 -1 -1 -1 -1 -1 -1 -1 71 71 71 108 108 -1 108 -1 -1 -1 108 108 -1 -1 108 108 108 108 108
6 6 6 6 6 6 6 6 6 6 -1 -1 -1 -1 -1 6 6 6 6 6 6 6 6 6 6 6 -1 -1 -1 6 -1 -1 -1 -1 -1 -1 -1 -1 -1 -1 -1 -1 -1 -1 51 51 -1 -1 -1 -1 -1 -1 78 -1 -1 -1 -1 -1 -1 -1 -1 -1 -1 -1 71 71 71 -1 -1 -1 -1 71 71 -1 71 71 71 71 71 108 108 -1 -1 -1 -1 -1 129 -1 -1 -1 -1 108 108 108 108 108
6 6 6 6 6 6 6 6 6 6 -1 -1 -1 -1 -1 -1 -1 -1 -1 6 6 6 6 6 6 6 6 6 -1 -1 -1 -1 -1 -1 -1 -1 -1 -1 -1 -1 -1 -1 -1 -1 51 51 -1 -1 -1 -1 -1 -1 -1 -1 -1 -1 -1 -1 -1 -1 -1 -1 -1 -1 -1 -1 71 -1 -1 -1 -1 71 71 71 71 71 71 71 71 -1 -1 -1 -1 -1 -1 -1 -1 -1 -1 -1 108 108 108 108 108 108
-1 -1 -1 6 6 6 6 6 -1 -1 -1 -1 -1 -1 -1 -1 -1 -1 -1 -1 6 6 -1 6 6 6 6 6 6 -1 -1 -1 -1 -1 -1 -1 -1 -1 -1 -1 -1 -1 -1 -1 51 51 -1 -1 -1 -1 -1 -1 -1 -1 -1 -1 -1 -1 -1 -1 -1 -1 -1 -1 -1 -1 71 -1 -1 -1 -1 71 71 71 71 71 71 71 71 -1 -1 -1 -1 -1 -1 -1 -1 -1 -1 -1 108 108 108 108 108 108
-1 -1 -1 6 6 6 6 -1 -1 -1 -1 -1 -1 -1 -1 -1 -1 -1 -1 -1 -1 -1 -1 6 6 6 6 6 6 -1 -1 -1 -1 -1 -1 -1 -1 -1 -1 -1 -1 -1 -1 -1 51 51 -1 -1 -1 -1 -1 -1 -1 -1 -1 -1 -1 91 -1 72 72 72 71 71 71 71 71 -1 -1 -1 -1 71 71 71 71 71 71 71 71 -1 -1 -1 -1 -1 -1 -1 -1 -1 -1 -1 -1 108 108 108 108 108
-1 -1 -1 6 6 6 6 6 -1 -1 -1 -1 -1 -1 -1 -1 -1 -1 -1 -1 -1 -1 -1 6 6 6 6 6 6 -1 -1 -1 -1 -1 -1 -1 -1 -1 -1 59 -1 -1 51 51 51 51 51 51 51 -1 -1 -1 -1 81 81 81 -1 -1 -1 72 72 72 71 71 71 71 71 -1 -1 71 71 71 71 71 71 71 71 -1 -1 111 111 -1 -1 -1 -1 -1 -1 -1 -1 -1 -1 -1 -1 108 108 108
-1 -1 -1 6 -1 -1 6 6 6 -1 -1 -1 -1 -1 -1 -1 -1 -1 -1 -1 -1 -1 -1 -1 6 6 6 6 -1 -1 -1 -1 -1 -1 51 -1 -1 -1 -1 59 -1 -1 51 51 51 51 51 51 51 51 51 51 51 -1 -1 -1 72 72 72 72 72 72 71 71 71 71 71 71 71 71 71 71 71 71 71 71 71 -1 -1 -1 -1 -1 -1 -1 -1 -1 -1 -1 -1 -1 -1 -1 -1 108 108 108
5 5 5 -1 -1 -1 -1 -1 -1 -1 -1 -1 -1 -1 -1 -1 -1 -1 -1 -1 -1 -1 -1 -1 6 6 6 -1 -1 45 -1 -1 -1 -1 51 -1 -1 -1 -1 -1 -1 -1 -1 51 51 51 51 51 51 51 51 51 51 -1 -1 -1 72 72 72 72 72 72 71 71 71 71 71 71 71 71 71 71 71 71 71 71 71 -1 -1 -1 -1 -1 -1 -1 -1 -1 -1 -1 -1 -1 -1 -1 -1 108 108 108
5 -1 -1 -1 -1 -1 -1 -1 -1 -1 -1 -1 -1 -1 -1 -1 -1 -1 -1 -1 -1 -1 -1 -1 6 6 6 -1 45 45 -1 -1 -1 -1 51 -1 -1 -1 -1 -1 -1 -1 -1 51 51 51 51 51 51 51 51 51 51 -1 -1 -1 72 72 72 72 72 71 71 71 71 71 71 71 71 71 71 71 71 71 71 71 71 -1 -1 -1 -1 -1 -1 -1 -1 -1 -1 -1 -1 -1 -1 -1 -1 108 108 108
5 -1 -1 -1 -1 -1 -1 -1 -1 20 -1 -1 -1 -1 -1 -1 -1 -1 -1 -1 -1 -1 6 6 6 6 6 6 -1 -1 47 47 -1 -1 51 -1 -1 -1 51 -1 -1 -1 -1 51 51 51 51 51 51 72 72 72 72 72 -1 -1 72 72 72 72 71 71 71 71 71 71 71 71 71 71 71 71 71 71 71 71 71 -1 -1 -1 113 -1 -1 -1 -1 -1 -1 132 132 -1 -1 -1 -1 108 108 108
5 -1 -1 -1 -1 5 -1 -1 -1 -1 -1 -1 -1 -1 -1 -1 -1 -1 -1 -1 -1 -1 6 -1 -1 -1 -1 -1 -1 -1 47 47 51 51 51 51 -1 -1 51 -1 -1 -1 -1 -1 51 51 51 51 51 72 72 72 72 72 72 72 72 72 72 71 71 71 71 71 71 71 71 71 71 71 71 71 71 71 71 71 71 -1 -1 -1 -1 -1 -1 -1 -1 -1 -1 -1 -1 -1 -1 -1 -1 -1 108 108
5 5 5 5 5 5 5 5 -1 -1 -1 -1 -1 -1 -1 -1 -1 -1 -1 -1 41 41 -1 -1 -1 -1 -1 -1 -1 -1 -1 -1 -1 51 51 51 51 51 51 -1 -1 -1 -1 -1 51 51 51 51 72 72 72 72 72 72 72 72 72 72 72 71 71 71 71 71 71 71 71 71 71 71 71 71 71 71 71 71 71 71 -1 -1 -1 -1 -1 -1 -1 -1 -1 -1 134 -1 -1 -1 -1 -1 108 108
5 5 5 5 5 -1 -1 5 -1 -1 -1 -1 -1 -1 -1 -1 -1 -1 -1 -1 41 41 -1 -1 -1 -1 -1 -1 -1 -1 -1 -1 -1 -1 51 51 51 51 51 51 51 51 51 51 51 51 51 51 51 72 72 72 72 -1 -1 -1 72 72 72 72 71 71 71 71 71 71 71 71 71 71 71 71 71 71 71 71 -1 -1 -1 -1 -1 -1 -1 -1 -1 -1 -1 -1 -1 -1 -1 -1 108 108 108 108
5 5 5 5 5 -1 -1 -1 -1 -1 -1 -1 -1 -1 -1 -1 36 -1 -1 -1 -1 41 -1 -1 -1 -1 -1 -1 -1 -1 -1 -1 -1 -1 -1 51 51 51 51 51 51 51 51 51 51 51 51 51 51 51 72 72 72 -1 -1 -1 72 72 72 71 71 71 71 71 71 71 71 71 71 71 71 71 71 71 71 71 71 -1 -1 -1 -1 -1 -1 -1 -1 125 -1 -1 -1 -1 -1 108 108 108 108 108
5 5 5 5 5 -1 -1 -1 -1 -1 -1 -1 -1 -1 -1 -1 -1 -1 -1 -1 -1 -1 -1 -1 -1 -1 44 -1 -1 -1 -1 -1 -1 -1 -1 51 51 51 51 51 51 51 51 51 51 51 51 51 51 51 51 51 51 -1 -1 -1 72 72 72 71 71 71 71 71 71 71 71 71 71 71 71 71 71 71 71 71 71 -1 -1 71 71 71 71 -1 -1 -1 -1 -1 -1 -1 -1 108 108 108 108 108
5 5 5 5 5 5 5 5 5 -1 -1 -1 -1 -1 -1 33 -1 -1 -1 16 -1 -1 -1 -1 -1 -1 -1 -1 -1 -1 -1 -1 -1 51 51 51 51 51 51 51 51 51 51 51 51 51 -1 -1 51 51 51 -1 -1 -1 -1 -1 72 72 71 71 71 71 71 71 71 71 71 71 71 71 71 71 71 71 -1 -1 -1 -1 -1 -1 71 71 71 -1 -1 -1 -1 -1 108 108 108 108 108 108 108 108
5 5 5 5 5 -1 5 5 5 -1 -1 -1 -1 -1 -1 -1 -1 16 16 16 -1 -1 -1 -1 -1 -1 -1 -1 -1 -1 -1 -1 -1 51 51 51 51 51 51 51 51 51 51 51 51 51 -1 -1 51 51 51 -1 -1 80 -1 -1 88 -1 -1 -1 71 71 71 71 71 71 71 71 71 71 71 71 71 71 -1 -1 -1 -1 -1 -1 71 71 71 71 71 -1 -1 -1 108 108 108 108 108 108 108 108
5 5 5 -1 -1 -1 5 5 5 -1 -1 -1 -1 26 26 -1 -1 16 16 16 -1 -1 -1 -1 -1 -1 -1 -1 -1 -1 -1 -1 -1 -1 -1 -1 -1 51 51 51 51 51 51 51 51 51 -1 -1 51 51 51 -1 -1 -1 -1 -1 88 -1 -1 -1 71 71 71 71 71 71 71 71 71 71 71 71 71 71 -1 -1 -1 -1 -1 -1 71 71 71 71 71 71 71 108 108 108 108 108 108 108 108 108
-1 -1 -1 -1 -1 5 5 -1 5 -1 22 -1 -1 -1 -1 -1 16 16 16 16 -1 -1 -1 -1 -1 -1 -1 -1 -1 -1 -1 -1 -1 -1 -1 -1 -1 51 51 51 51 51 51 51 51 51 -1 -1 -1 -1 51 -1 -1 -1 -1 -1 88 -1 -1 -1 71 71 71 71 71 71 71 71 71 71 71 71 71 71 -1 -1 -1 -1 -1 -1 71 71 71 71 71 71 71 108 108 108 108 108 108 108 108 108
-1 -1 -1 -1 -1 -1 5 -1 5 -1 -1 -1 -1 -1 -1 -1 -1 -1 16 16 -1 -1 -1 -1 -1 -1 -1 -1 -1 -1 -1 -1 -1 -1 -1 -1 -1 51 51 51 51 51 51 51 51 51 -1 -1 -1 -1 -1 -1 -1 -1 -1 -1 -1 -1 -1 -1 -1 71 71 71 71 71 71 71 71 71 71 71 71 71 -1 -1 -1 -1 71 71 71 71 71 71 71 71 71 108 108 108 108 108 108 108 108 108
-1 -1 -1 -1 -1 5 5 -1 -1 -1 -1 -1 -1 -1 -1 -1 -1 -1 16 16 -1 -1 -1 -1 -1 -1 -1 -1 -1 -1 -1 -1 -1 -1 -1 -1 -1 51 51 51 51 51 51 51 51 51 -1 -1 -1 -1 -1 -1 -1 -1 -1 -1 -1 -1 -1 -1 -1 71 71 71 71 71 71 71 71 71 71 71 71 71 71 71 71 71 71 71 71 71 71 71 71 71 71 108 108 108 108 108 108 108 108 108
-1 -1 -1 -1 -1 5 5 -1 -1 -1 -1 -1 -1 -1 -1 -1 -1 -1 -1 16 -1 -1 -1 -1 16 -1 -1 -1 -1 -1 -1 48 48 48 51 51 51 51 51 51 51 51 51 51 51 51 51 51 -1 -1 76 -1 -1 -1 -1 -1 -1 -1 -1 -1 -1 71 71 71 71 71 71 71 71 71 71 71 71 71 71 71 71 71 71 71 71 71 71 71 71 71 71 108 108 108 108 108 108 108 108 108
