input/maps/landmarkets2/patch-id-raster.asc
NCOLS 100
NROWS 100
XLLCORNER 238244.587426
YLLCORNER 9789775.284544
CELLSIZE 50
NODATA_VALUE NaN
[rows 0 to 42 of 100, columns 0 to 95 of 100]
595 595 595 595 595 595 595 595 595 595 595 595 595 595 595 595 595 595 595 595 595 595 595 595 595 595 595 595 595 595 595 595 595 595 595 595 595 595 595 595 595 595 595 595 557 557 557 379 379 439 439 439 667 173 613 613 613 613 613 613 613 613 613 613 613 613 613 613 613 613 613 613 613 613 613 613 613 613 613 195 195 353 353 353 353 596 596 596 596 596 596 596 596 596 596 596
595 595 595 595 595 595 595 595 595 595 595 595 595 595 595 595 595 595 595 595 595 595 595 595 595 595 595 595 595 595 595 595 595 595 595 595 595 595 595 595 595 595 595 595 557 557 557 379 379 167 167 167 167 173 613 613 168 168 168 364 364 613 613 613 613 613 613 613 613 613 613 613 613 613 613 613 613 613 613 195 195 195 194 353 353 596 596 596 596 596 596 596 596 596 596 596
595 595 595 595 595 595 595 595 595 595 595 595 595 595 595 595 595 595 595 595 595 595 595 595 595 595 595 595 595 595 595 595 595 595 595 595 595 595 595 595 595 595 595 595 557 557 365 365 289 167 167 167 167 173 166 166 168 168 168 364 364 613 613 613 613 613 613 613 613 583 583 583 613 613 613 613 613 477 477 477 194 194 194 -1 476 476 567 567 567 596 596 596 596 596 596 596
595 595 595 595 595 595 595 595 595 595 595 595 595 595 595 595 595 595 595 595 595 595 595 595 595 595 595 595 595 595 595 595 595 595 595 595 595 595 595 595 595 595 595 595 557 688 365 365 289 289 167 167 167 173 166 166 168 168 364 364 364 613 613 613 613 613 613 613 613 583 583 583 613 613 613 613 613 477 477 92 92 92 194 -1 476 476 567 567 567 596 596 596 596 596 596 596
595 595 595 595 595 595 595 595 595 595 595 595 595 595 595 595 595 595 595 595 595 595 595 595 595 595 595 595 595 595 595 595 595 595 595 595 595 595 595 595 595 595 595 595 380 380 380 380 378 378 167 167 167 173 173 166 168 168 233 233 233 613 613 613 613 613 613 613 613 583 583 583 582 582 613 613 613 613 477 92 92 92 -1 -1 652 567 567 567 567 596 596 596 596 596 596 596
595 595 595 595 595 595 595 595 595 595 595 595 595 595 595 595 595 595 595 595 595 595 595 595 595 595 595 595 595 595 595 595 595 595 595 595 595 595 595 595 595 595 595 595 380 380 380 377 377 377 377 -1 -1 -1 -1 -1 -1 186 186 613 613 613 613 613 613 613 613 613 315 315 315 583 582 582 582 613 613 613 613 368 92 92 -1 652 652 388 388 388 388 596 596 596 596 596 596 596
595 595 595 595 595 595 595 595 595 595 595 595 595 595 595 595 595 595 595 595 595 595 595 595 595 595 595 595 595 595 595 595 595 595 595 595 595 595 595 595 595 595 595 595 380 380 380 377 377 377 377 -1 79 79 105 105 -1 174 174 212 212 212 613 613 613 613 613 581 315 315 315 256 256 580 580 613 436 436 613 368 368 4 -1 367 367 388 388 388 388 596 596 596 596 596 596 596
595 595 595 595 595 595 595 595 595 595 595 595 595 595 595 595 595 595 595 595 595 595 595 595 595 595 595 595 595 595 595 595 595 595 595 595 595 595 595 595 595 595 595 595 380 595 595 595 377 377 78 -1 79 79 105 105 -1 -1 174 212 212 212 257 257 257 613 613 581 315 315 315 256 256 580 580 613 436 436 613 613 368 4 -1 367 367 388 388 388 388 596 596 596 596 596 596 596
595 595 595 595 595 595 595 595 595 595 595 595 595 595 595 595 595 595 595 595 595 595 595 595 595 595 595 595 595 595 595 595 595 595 595 595 595 595 595 595 595 595 595 595 595 595 595 595 377 663 77 -1 187 187 105 105 175 724 174 212 212 212 257 257 257 257 581 581 581 680 22 22 22 580 24 24 436 436 389 280 280 280 -1 732 367 388 388 388 596 596 596 596 596 596 596 596
595 595 595 595 595 595 595 595 595 595 595 595 595 595 595 595 595 595 595 595 595 595 595 595 595 595 595 595 595 595 595 595 595 595 595 595 595 595 595 595 595 595 595 595 595 513 513 595 116 116 77 -1 187 187 187 187 175 232 232 232 232 602 257 257 257 257 683 28 28 28 22 22 22 24 24 24 739 389 389 280 280 618 -1 189 189 629 318 318 318 318 318 318 596 596 596 596
595 595 595 595 595 595 595 595 595 595 595 595 595 595 595 595 595 595 595 595 595 595 595 595 595 595 595 595 595 595 595 595 595 595 595 595 595 595 595 595 595 595 595 595 595 513 513 513 116 116 77 -1 187 187 290 231 741 232 232 232 232 602 257 257 257 257 683 28 28 28 22 22 22 24 24 24 383 389 389 366 366 126 -1 189 189 629 318 318 318 318 318 318 596 596 596 596
595 595 595 595 595 595 595 595 595 595 595 595 595 595 595 595 595 595 595 595 595 595 595 595 595 595 595 595 595 595 595 595 595 595 595 595 595 595 595 595 595 595 595 595 595 513 513 513 116 116 116 -1 230 715 290 231 231 602 602 232 232 602 602 602 602 602 -1 28 28 28 22 22 22 24 24 24 383 383 390 366 366 366 -1 -1 179 179 318 318 318 318 318 318 596 596 596 596
595 595 595 595 595 595 595 595 595 595 595 595 595 595 595 595 595 595 595 595 595 595 595 595 595 595 595 595 595 595 595 595 595 595 595 595 595 595 595 595 595 595 595 595 595 513 513 513 513 230 230 230 230 514 290 231 231 602 515 515 515 602 602 602 86 86 86 -1 -1 -1 -1 -1 24 24 24 24 383 383 390 316 316 125 -1 179 179 179 318 318 318 318 318 318 596 596 596 596
595 595 595 595 595 595 595 595 595 595 595 595 595 595 595 595 595 595 595 595 595 595 595 595 595 595 595 595 595 595 595 595 595 595 595 595 595 595 595 595 595 595 595 595 595 595 595 595 595 230 230 230 230 514 518 518 602 602 602 602 602 602 602 602 86 86 86 210 210 21 21 -1 -1 23 23 84 84 84 316 316 125 125 -1 179 179 179 318 318 318 318 318 318 596 596 596 596
595 595 595 595 595 595 595 595 595 595 595 595 595 595 595 595 595 595 595 595 595 595 595 595 595 595 595 595 595 595 595 595 595 595 595 595 595 595 595 595 595 595 595 595 595 595 595 595 595 230 230 230 230 514 518 518 602 602 602 602 602 602 211 211 211 211 36 36 36 21 21 20 20 20 23 26 26 26 26 621 320 320 -1 179 179 179 179 318 318 318 318 318 596 596 596 596
595 595 595 595 595 595 595 595 595 595 595 595 595 595 595 595 595 595 595 595 595 595 595 595 595 595 595 595 595 595 595 595 595 595 595 595 595 595 595 595 595 595 595 595 595 595 595 595 595 595 595 516 516 701 518 518 602 602 602 602 602 602 211 211 211 211 36 36 36 584 25 25 20 20 23 26 26 26 26 621 255 320 320 317 317 317 317 572 572 572 596 596 596 596 596 596
595 595 595 595 595 595 595 595 595 595 595 595 595 595 595 595 595 595 595 595 595 595 595 595 595 595 595 595 595 595 595 595 595 595 595 595 595 595 595 595 595 595 595 595 595 595 595 609 609 609 595 516 517 517 517 602 602 602 602 602 602 602 211 211 211 211 645 36 36 584 25 25 20 20 729 26 26 26 26 255 255 320 320 317 317 317 317 573 573 573 573 573 596 596 596 596
595 595 595 595 595 595 595 595 595 595 595 595 595 595 595 595 595 595 595 595 595 595 595 595 595 595 595 595 595 595 595 595 595 595 595 595 595 595 595 595 595 595 595 595 595 595 595 595 609 609 609 609 609 517 517 602 602 602 602 602 602 602 602 211 211 211 314 36 36 584 25 25 85 27 27 27 26 26 26 258 258 258 258 322 632 317 317 573 573 573 573 573 596 596 596 596
595 595 595 595 595 595 595 595 595 595 595 595 595 595 595 595 595 595 595 595 595 595 595 595 595 595 595 595 595 595 595 595 595 595 595 595 595 595 595 595 595 595 595 595 609 609 609 609 609 609 609 609 609 609 609 609 609 602 602 602 602 602 602 314 314 314 314 455 259 259 735 85 85 27 27 27 27 27 27 27 258 258 258 322 319 319 319 319 573 573 573 573 596 596 596 596
595 595 595 595 595 595 595 595 595 595 595 595 595 595 595 595 595 595 595 595 595 595 595 595 595 595 595 595 595 595 595 595 595 595 595 595 595 595 595 595 595 595 595 595 595 609 609 609 609 609 609 609 609 609 609 609 609 602 602 602 602 602 314 314 314 314 314 259 259 259 735 85 85 27 27 27 27 27 27 27 258 258 258 322 319 319 319 319 596 573 573 573 596 596 596 596
595 595 595 595 595 595 595 595 595 595 595 595 595 595 595 595 595 595 595 595 595 595 595 595 595 595 595 595 595 595 595 595 595 595 595 595 595 595 595 595 595 595 595 595 595 609 609 609 609 609 609 609 609 609 609 609 609 602 602 602 602 602 602 454 261 261 314 259 259 259 161 161 161 27 27 27 27 27 27 324 324 324 321 321 319 319 319 319 596 596 596 596 596 596 596 596
595 595 595 595 595 595 595 595 595 595 595 595 595 595 595 595 595 595 595 595 595 595 595 595 595 595 595 595 595 595 595 595 595 595 595 595 595 595 595 595 595 595 609 595 609 609 609 609 609 609 609 609 527 527 609 609 609 609 602 602 602 602 602 454 261 261 608 608 188 188 161 161 161 27 27 27 27 27 27 324 324 324 463 321 319 319 596 596 596 596 596 596 596 596 596 596
595 595 595 595 595 595 595 595 595 595 595 595 595 595 595 595 595 595 595 595 595 595 595 595 595 595 595 595 595 595 595 595 595 595 595 595 595 595 595 595 595 609 609 609 609 609 609 609 609 609 381 381 381 527 609 609 609 609 602 602 602 602 454 454 454 261 608 608 188 188 161 161 161 -1 -1 728 165 165 324 324 324 324 463 463 463 596 596 596 596 596 596 596 596 596 596 596
595 595 595 595 595 595 595 595 595 595 595 595 595 595 595 595 595 595 595 595 595 595 595 595 595 595 595 595 595 595 595 595 595 595 595 595 595 595 595 595 609 609 609 609 609 609 609 630 630 630 381 381 381 609 609 609 609 609 602 602 602 602 454 454 454 199 199 197 197 691 -1 -1 -1 -1 728 165 165 165 596 596 596 596 463 463 463 596 596 596 596 596 596 596 596 596 596 596
595 595 595 595 595 595 595 595 595 595 595 595 595 595 595 595 595 595 595 595 595 595 595 595 595 595 595 595 595 595 595 595 595 595 595 595 595 595 595 595 609 609 609 609 609 609 630 630 630 630 381 381 381 38 106 106 106 106 602 602 602 462 462 462 718 199 199 197 197 -1 -1 163 163 163 162 596 596 596 596 596 596 596 596 596 596 596 596 596 596 596 596 596 596 596 596 596
595 595 595 595 595 595 595 595 595 595 595 595 595 595 595 595 595 595 595 595 595 595 595 595 595 595 595 595 595 595 595 595 595 595 595 595 595 595 595 595 393 393 609 609 609 609 526 526 630 630 630 38 38 38 106 106 106 106 637 602 602 462 462 462 199 199 199 706 197 198 198 163 163 163 162 162 164 164 164 164 596 596 596 596 596 596 596 596 596 596 596 596 596 596 596 596
595 595 595 595 595 595 595 595 595 595 595 595 595 595 595 595 595 595 595 595 595 595 595 595 595 595 595 595 595 595 595 595 595 595 595 595 467 467 393 393 393 393 609 609 609 526 526 526 107 107 107 38 38 38 106 106 106 106 637 637 602 602 602 602 602 602 602 198 198 198 198 163 163 163 162 162 164 164 164 164 596 596 596 596 596 596 596 596 596 596 596 596 596 596 596 596
595 595 595 595 595 595 595 595 595 595 595 595 595 595 595 595 595 595 595 595 595 595 595 595 595 595 595 595 595 595 595 595 595 595 595 595 467 467 393 393 393 393 609 468 468 468 468 526 37 37 37 37 -1 106 106 106 106 106 637 633 633 633 633 598 598 459 459 459 456 198 198 262 262 260 260 260 164 164 164 164 596 596 596 596 596 596 596 596 596 596 596 596 596 596 596 596
595 595 595 595 595 595 595 595 595 595 595 595 595 595 595 595 595 595 595 595 595 595 595 595 595 595 595 595 595 595 595 595 595 469 469 484 467 714 393 393 393 393 640 468 468 468 468 474 474 37 37 37 -1 -1 293 672 672 672 266 633 633 633 633 598 598 459 459 459 456 458 458 262 262 263 325 325 325 563 563 563 596 596 596 596 596 596 596 596 596 529 529 596 596 596 596 596
595 595 595 595 595 595 595 595 595 595 595 595 595 595 595 595 595 595 595 595 595 595 595 595 595 595 595 595 595 595 595 595 595 469 469 251 251 251 295 295 640 640 640 468 468 468 468 474 474 37 37 37 102 -1 371 101 101 101 266 266 633 633 633 598 598 598 598 460 456 458 458 263 263 263 697 325 325 563 563 563 596 596 596 596 596 596 596 596 529 529 529 596 596 596 596 596
595 595 595 595 595 595 595 595 595 510 510 510 510 510 595 595 595 595 595 595 595 595 595 595 595 595 595 595 595 595 595 595 595 469 642 251 251 251 653 -1 402 402 402 468 468 468 468 599 599 37 37 37 102 -1 -1 101 100 100 266 266 633 633 633 598 598 598 598 460 460 458 263 263 263 263 457 457 712 563 563 563 596 596 596 596 596 596 596 596 529 529 529 596 596 596 596 596
595 595 595 595 595 595 595 595 595 595 510 510 510 510 595 595 595 595 595 595 595 595 595 595 595 595 525 525 525 595 485 485 44 44 44 -1 -1 -1 -1 -1 402 402 402 599 599 599 599 599 599 599 599 102 102 102 -1 100 100 100 372 372 633 633 633 598 598 598 598 460 376 376 376 375 375 375 457 457 457 563 563 563 563 596 596 596 596 596 596 596 529 529 529 596 596 596 596 596
595 595 595 595 595 595 595 595 595 595 510 510 510 510 595 595 595 595 595 595 595 595 595 595 595 595 525 525 525 595 485 731 44 44 44 -1 43 43 43 402 402 402 402 599 599 599 475 475 475 475 475 102 102 102 102 -1 -1 473 473 372 633 370 370 370 598 598 598 460 376 376 376 375 375 375 457 457 457 598 598 596 596 596 532 596 534 534 534 596 596 528 528 596 596 596 596 596
595 595 595 595 595 595 595 595 595 595 510 510 510 510 506 595 595 595 595 595 595 595 595 595 595 595 525 525 525 595 337 337 337 32 32 -1 43 43 43 524 524 487 487 487 599 599 475 475 475 475 183 183 628 102 102 178 -1 -1 123 369 369 370 370 370 598 598 598 460 376 376 376 598 598 375 598 598 598 598 598 596 596 532 532 202 202 202 708 201 201 528 528 596 596 596 596 596
595 595 595 595 595 595 595 595 595 595 504 510 510 510 506 294 294 294 294 595 595 595 595 595 595 595 595 595 229 229 229 337 337 32 32 -1 42 483 483 483 487 487 487 487 599 599 475 475 475 470 183 183 182 182 178 178 -1 -1 123 123 369 370 370 370 438 438 598 376 376 376 376 598 598 598 598 598 598 598 598 332 332 332 202 202 202 202 531 201 201 201 596 596 596 596 596 596
556 556 556 595 595 595 595 595 508 508 504 504 384 384 506 294 294 294 294 48 595 595 507 595 595 595 595 595 595 229 229 75 75 75 32 -1 42 483 483 487 487 487 487 487 599 599 475 475 475 382 382 382 382 182 178 178 -1 123 123 123 369 370 370 438 438 438 598 461 461 461 461 598 598 598 598 598 598 598 598 332 332 332 202 202 202 202 531 201 201 201 596 596 596 596 596 596
556 556 556 595 595 595 595 508 508 508 504 504 384 384 294 294 294 294 294 48 507 507 507 595 595 595 595 595 595 229 229 75 75 -1 -1 -1 42 483 483 487 487 487 487 487 599 599 475 475 475 382 382 382 382 193 193 193 -1 634 271 617 617 617 598 598 598 598 598 461 461 461 461 598 598 598 598 598 598 598 598 332 332 332 202 202 202 202 113 113 113 113 533 596 596 596 596 596
556 556 556 595 595 595 595 595 442 442 442 442 384 384 294 294 50 47 47 48 507 507 507 595 595 595 595 595 595 339 339 75 -1 -1 -1 224 224 486 486 682 494 494 599 599 599 599 599 599 599 382 382 382 382 666 666 666 -1 271 271 617 617 617 598 598 598 598 598 461 461 598 598 598 598 598 598 598 598 208 208 643 643 136 202 202 202 202 113 113 113 113 533 533 533 596 596 596
556 556 556 595 542 542 595 595 595 442 442 442 73 73 41 41 50 47 47 47 47 47 505 505 595 595 595 595 339 339 339 75 76 76 599 224 224 486 486 682 494 494 599 599 599 599 599 599 599 599 599 599 599 265 265 265 617 617 617 617 617 617 598 598 598 598 598 598 598 598 598 598 598 598 598 598 598 208 208 208 208 136 136 115 115 115 113 113 113 113 533 533 533 596 596 596
612 612 612 542 542 542 509 509 509 442 442 442 73 73 41 41 50 47 47 47 47 47 505 505 595 595 595 539 539 690 338 75 228 228 599 224 224 486 486 523 523 523 523 599 599 599 599 599 599 599 599 599 599 265 265 265 617 617 617 617 617 598 598 598 598 598 598 598 598 598 598 598 598 598 598 598 598 208 208 208 208 136 136 -1 -1 115 113 113 113 203 203 203 203 596 596 596
612 555 555 542 542 542 509 509 509 442 442 442 73 73 41 50 50 47 47 47 47 47 505 505 595 595 595 539 690 690 338 75 228 228 599 593 593 486 486 523 523 523 523 599 599 599 599 599 599 599 599 599 599 265 265 265 617 617 617 617 617 598 598 598 598 598 598 598 598 598 598 598 598 598 598 598 598 208 208 208 208 136 136 136 -1 -1 113 113 113 203 203 203 203 596 596 596
612 555 555 555 554 554 541 541 441 716 296 296 72 -1 -1 -1 -1 47 47 47 47 47 595 595 595 595 595 595 570 570 638 638 228 228 599 593 593 593 599 523 523 523 523 599 599 599 599 599 599 599 617 617 617 617 265 265 617 617 617 617 598 598 598 598 598 598 598 598 598 598 598 598 598 598 598 598 598 530 530 530 705 136 136 136 136 -1 -1 657 657 203 203 203 203 596 596 596
612 555 555 555 554 612 541 541 441 441 441 296 -1 -1 51 51 -1 -1 -1 278 278 278 595 465 264 264 264 264 570 570 638 638 638 599 599 599 593 593 599 523 523 523 523 523 599 599 599 599 599 617 617 617 617 617 617 617 617 617 617 617 598 598 598 598 598 598 598 598 598 598 598 598 598 598 598 598 598 530 530 200 200 200 200 114 114 114 -1 -1 112 112 112 209 209 209 596 596
