input/maps/landmarkets2/patch-id-raster.asc
NCOLS 100
NROWS 100
XLLCORNER 238244.587426
YLLCORNER 9789775.284544
CELLSIZE 50
NODATA_VALUE NaN
[rows 43 to 85 of 100, columns 0 to 95 of 100]
612 612 612 612 612 612 612 612 441 441 441 386 -1 171 51 51 49 52 52 52 687 687 465 465 264 264 264 264 264 304 304 304 304 599 599 599 599 599 599 523 523 523 523 523 599 599 599 599 599 617 617 617 617 617 617 617 617 617 617 617 598 598 598 598 598 598 598 598 598 598 598 598 598 598 598 598 598 598 530 200 200 200 200 213 213 135 135 -1 649 112 112 209 209 209 596 596
612 612 612 612 612 553 553 612 441 441 440 386 -1 171 171 49 49 52 52 52 687 687 465 465 264 264 264 264 264 304 304 304 344 344 599 599 599 599 599 599 599 599 599 599 599 599 599 599 617 617 617 617 617 432 432 432 617 617 617 617 598 598 598 598 598 598 598 598 598 598 598 598 598 598 598 598 535 535 535 200 200 200 200 213 213 135 135 135 134 134 134 209 596 596 596 596
612 612 612 612 612 553 553 553 172 172 172 172 172 171 171 171 696 52 52 52 279 687 323 323 264 264 264 264 264 304 304 304 344 344 344 599 599 599 599 599 599 599 599 599 599 599 599 599 599 599 617 617 617 432 432 432 617 617 617 598 598 598 598 598 598 598 598 598 598 598 598 598 598 598 598 598 598 535 535 200 200 200 200 435 435 702 135 135 134 134 134 596 596 596 596 596
612 612 612 612 612 553 553 553 172 172 172 172 172 171 171 171 171 385 385 385 279 279 323 323 264 -1 606 300 300 300 304 304 344 344 344 599 599 599 599 599 599 599 599 599 599 599 599 599 599 599 599 599 599 432 432 432 617 617 598 598 598 598 598 598 598 598 598 598 598 598 598 598 598 598 598 598 598 535 535 598 598 598 598 435 435 472 472 472 134 134 134 596 596 596 596 596
612 612 612 612 612 612 612 612 612 31 31 31 172 335 335 725 387 385 385 601 96 96 96 323 -1 343 299 299 299 40 40 40 40 599 599 599 599 599 599 599 599 599 599 599 599 599 434 434 599 599 599 429 429 432 432 432 626 626 598 598 598 598 598 598 598 598 598 598 598 598 598 598 598 598 536 536 536 536 536 536 598 598 598 435 435 472 472 472 596 596 596 596 596 596 596 596
612 612 612 612 612 552 612 612 612 31 31 31 31 335 335 387 387 601 601 601 96 96 96 1 1 -1 -1 -1 299 40 40 40 40 599 599 599 599 599 599 599 599 599 599 599 599 599 434 434 599 599 599 427 427 658 423 423 626 426 426 426 598 598 598 598 598 598 598 598 598 598 598 598 598 598 536 536 536 536 536 536 598 598 598 598 598 472 472 472 596 596 596 596 596 596 596 596
612 612 612 552 552 552 612 612 612 31 31 31 31 693 693 387 387 601 601 601 96 96 96 1 39 39 39 39 -1 40 40 40 40 307 307 307 307 599 599 599 599 599 599 599 599 599 434 434 599 599 599 427 427 423 423 423 626 426 426 426 598 598 598 598 598 598 598 598 598 598 598 598 598 598 536 536 536 536 536 536 598 598 598 598 598 598 596 596 596 596 596 596 596 596 596 596
551 551 551 551 552 612 612 273 612 272 644 30 30 69 69 69 601 601 601 601 96 96 96 96 39 39 39 39 -1 40 40 40 40 307 307 307 307 599 599 599 599 599 599 599 599 599 434 434 431 431 599 427 427 423 423 423 626 426 426 426 598 598 598 598 598 598 598 598 598 598 598 598 598 598 536 536 536 536 536 536 598 598 598 598 598 598 598 596 596 596 596 596 596 596 596 596
551 551 551 551 551 551 612 273 612 272 30 30 30 69 69 69 310 310 601 601 301 301 305 305 305 302 302 -1 -1 40 40 40 40 40 307 307 307 599 599 599 599 599 599 599 599 599 434 434 434 431 428 392 392 392 392 418 418 418 418 421 421 598 598 598 598 598 598 598 598 598 598 598 598 598 536 536 536 536 598 598 598 598 598 598 598 598 598 598 596 596 596 596 596 596 596 596
551 551 551 551 551 612 612 273 272 272 272 -1 30 69 69 69 310 310 601 601 569 301 305 305 305 302 302 -1 97 40 40 40 40 40 307 307 307 599 599 599 599 599 599 599 599 599 434 434 434 434 428 392 392 392 392 418 418 418 421 421 421 598 598 598 598 598 598 598 598 598 598 598 598 598 598 598 598 598 598 598 598 598 598 598 598 598 598 596 596 596 596 596 596 596 596 596
551 551 551 551 551 612 612 273 273 66 66 -1 67 67 309 309 309 309 309 601 569 569 305 305 601 302 302 97 97 124 124 659 659 659 599 599 599 599 599 599 599 599 599 599 599 599 599 599 422 422 734 392 392 392 392 418 391 391 420 420 420 598 598 598 598 598 598 598 598 598 598 598 598 598 598 598 598 598 598 598 598 598 598 598 598 598 598 596 596 596 596 596 596 596 596 596
551 551 551 551 336 336 336 273 273 273 68 -1 616 93 93 309 308 308 601 601 601 569 305 305 601 303 303 97 97 124 124 659 659 659 599 599 599 599 599 599 599 599 599 599 599 599 599 599 422 422 422 392 392 392 392 -1 391 391 420 420 420 598 598 598 598 598 598 598 598 598 598 598 598 598 598 598 598 598 598 598 598 598 598 598 598 598 598 598 598 596 596 596 596 596 596 596
635 635 635 635 336 336 336 94 94 94 68 -1 616 93 93 742 308 308 308 601 601 601 601 601 601 306 303 345 345 124 124 346 346 346 599 599 599 599 599 599 599 599 599 599 599 599 599 599 599 599 219 219 219 219 219 -1 391 391 420 420 420 598 598 598 598 598 598 598 598 598 598 598 598 598 598 598 598 598 598 598 598 598 598 598 598 598 598 598 598 596 596 596 596 596 596 596
635 550 635 635 336 336 336 94 94 94 80 -1 70 70 70 70 308 308 308 601 601 601 601 601 306 306 571 345 345 345 698 346 346 346 599 599 599 599 599 599 453 453 453 453 453 599 599 424 424 424 219 219 219 219 219 -1 -1 656 420 420 420 598 598 598 598 598 598 598 598 598 598 598 598 598 598 598 598 598 598 598 598 598 598 598 598 598 598 598 598 596 596 596 596 596 596 596
550 550 635 549 549 336 336 471 471 80 80 -1 -1 70 70 70 601 601 601 601 601 601 601 601 601 600 571 345 345 345 345 346 346 346 599 599 599 599 599 599 453 453 453 453 453 599 599 424 424 219 219 219 219 219 219 313 313 313 313 313 313 598 598 598 598 598 598 598 598 598 598 598 598 598 598 598 598 598 598 598 598 598 598 598 598 598 598 598 598 596 596 596 596 596 596 596
550 550 635 549 549 635 635 471 737 80 80 80 -1 70 70 70 297 298 298 298 601 601 601 601 600 600 600 600 600 600 600 600 600 600 600 600 599 599 599 599 453 453 453 453 599 599 599 424 424 219 219 219 219 219 219 313 313 313 313 313 313 598 598 598 598 598 598 598 598 598 598 598 598 598 598 598 598 598 598 598 598 598 598 598 598 362 362 362 362 675 596 596 596 596 596 596
635 635 635 635 549 635 95 95 95 95 81 81 -1 -1 671 70 297 298 298 298 601 601 601 601 600 600 600 600 600 600 600 600 600 600 600 600 540 540 449 449 453 453 453 453 599 599 466 424 424 219 219 219 219 219 219 313 313 313 313 313 313 598 598 598 598 598 598 598 598 598 598 598 598 598 598 598 598 598 598 598 598 598 598 598 598 598 362 362 362 675 596 596 596 596 596 596
635 635 635 635 635 635 95 95 95 95 81 81 204 -1 -1 601 601 298 298 298 601 601 601 600 600 600 600 600 600 600 600 600 499 499 499 709 709 540 449 717 453 453 453 453 599 599 466 433 433 219 219 219 219 219 219 313 313 313 313 313 313 598 598 598 598 598 598 598 598 598 598 598 598 598 598 598 598 598 598 598 598 598 598 598 598 598 362 362 362 675 596 596 596 596 596 596
635 635 635 635 548 548 726 95 95 95 679 679 204 204 204 184 601 601 601 601 601 601 601 600 600 600 600 600 600 411 411 411 499 499 499 6 6 6 6 6 655 655 655 450 466 466 466 466 647 219 219 219 219 219 219 419 624 313 313 313 313 598 598 598 598 598 598 598 598 598 598 598 598 598 598 598 598 598 598 598 598 598 363 598 356 356 356 362 362 596 596 596 596 596 596 596
635 635 635 635 548 548 548 95 95 95 679 679 204 204 204 674 185 601 601 601 601 601 601 576 600 600 60 60 181 411 411 411 499 499 499 6 6 6 6 6 451 451 655 450 466 466 466 466 647 589 624 624 624 419 419 419 425 425 425 430 430 430 598 598 598 598 598 598 598 598 598 598 598 598 598 598 598 598 598 598 363 363 363 355 355 356 356 277 277 596 596 596 596 276 596 596
635 635 635 635 548 548 548 95 95 95 679 679 204 204 204 204 185 185 601 601 601 601 601 576 410 410 60 60 411 411 411 411 499 499 499 6 6 6 6 6 451 451 448 450 466 466 466 466 647 589 624 624 624 624 419 419 425 425 425 430 430 430 598 598 598 598 598 598 598 598 598 598 598 598 598 598 598 598 598 598 363 363 363 355 355 356 356 277 277 596 596 596 276 276 596 596
635 635 635 635 548 548 548 601 601 601 288 288 288 601 205 205 205 205 205 601 601 601 601 601 410 410 55 55 55 61 61 180 180 180 654 654 6 6 6 6 5 5 448 607 330 330 639 639 587 589 624 591 591 624 624 624 425 425 425 430 430 430 598 598 598 598 598 598 598 598 598 598 598 598 598 598 598 598 598 598 598 598 245 245 245 245 692 277 277 275 275 275 275 596 596 596
546 546 635 635 635 635 447 447 601 601 288 288 288 601 205 205 205 205 205 601 601 601 577 412 412 412 55 55 55 61 61 180 180 180 654 654 6 6 6 6 5 5 448 330 330 330 537 537 587 587 587 591 591 591 624 624 598 598 598 598 598 598 598 598 598 598 598 598 598 598 598 598 598 598 598 598 598 598 598 598 598 359 245 245 245 245 489 489 -1 275 275 275 275 596 596 596
546 546 635 398 398 635 447 447 601 601 601 601 601 601 205 205 205 205 205 601 601 577 577 413 57 57 57 -1 55 54 54 54 610 610 64 64 64 452 452 -1 -1 -1 -1 330 330 330 537 537 587 587 587 591 591 591 624 598 598 598 598 598 598 598 598 598 598 598 598 598 598 598 598 598 598 598 598 598 598 598 598 598 598 359 245 245 245 245 -1 -1 719 275 274 274 684 357 357 596
543 543 635 398 398 398 447 447 447 601 408 408 601 601 205 205 205 205 205 601 601 577 413 413 57 57 57 -1 -1 54 54 54 610 610 64 64 64 -1 -1 -1 588 196 196 -1 -1 -1 537 586 586 590 590 590 598 598 598 598 598 598 598 598 598 598 598 598 598 598 598 598 598 598 598 598 598 598 598 598 598 598 598 598 598 359 359 248 248 -1 -1 217 217 354 274 274 684 357 357 596
670 543 635 398 398 398 651 651 408 408 408 408 601 601 601 601 601 601 205 601 575 575 413 413 413 56 56 56 -1 54 54 54 610 103 64 64 -1 -1 108 108 108 196 196 196 196 196 586 586 590 590 590 590 598 598 598 598 598 598 598 598 598 598 598 598 598 598 598 598 598 598 598 598 598 598 598 598 598 598 598 598 598 74 74 248 248 -1 243 217 217 354 354 488 488 357 357 361
670 234 234 234 234 53 53 651 408 408 408 408 601 601 601 601 601 601 601 601 601 603 603 603 56 56 56 56 -1 59 59 59 59 59 64 104 63 63 65 108 108 196 196 196 196 347 347 586 590 590 590 590 598 598 598 598 598 598 598 598 598 598 598 598 598 598 598 598 598 598 598 598 598 598 598 598 598 598 598 598 598 74 74 74 -1 250 243 243 354 354 354 488 488 627 360 596
397 397 234 234 234 53 53 651 408 408 408 408 601 601 601 601 601 601 601 601 601 603 603 122 56 56 56 56 -1 59 59 59 59 59 104 104 63 63 65 538 108 196 196 196 196 347 478 478 478 598 598 598 598 598 598 598 598 598 598 598 598 598 598 598 598 598 598 598 598 598 598 598 598 598 598 598 598 598 598 598 598 598 249 177 177 -1 244 354 354 354 354 488 660 360 360 596
397 397 234 234 234 623 623 -1 -1 -1 446 446 446 601 601 601 601 601 601 603 603 603 122 122 56 56 56 56 603 59 59 59 59 59 104 104 743 65 65 538 538 538 158 158 158 158 478 478 478 598 598 598 598 598 598 598 598 598 598 598 598 598 598 598 598 598 598 598 598 598 598 598 598 598 598 598 598 598 598 598 598 598 249 176 177 -1 244 267 267 267 490 490 660 660 660 235
397 397 234 234 -1 -1 -1 623 399 399 399 399 399 601 601 601 603 603 603 603 603 603 603 603 574 574 58 58 58 62 62 59 59 59 578 578 578 597 597 538 538 597 158 158 158 158 118 118 118 118 118 598 598 598 598 598 598 598 598 598 598 598 598 598 598 598 598 598 598 598 598 598 598 598 598 598 598 598 598 598 246 246 246 176 176 247 -1 267 267 267 490 490 160 160 660 235
397 397 397 -1 -1 7 7 223 399 399 399 399 399 595 603 603 603 603 603 603 603 603 603 603 574 574 58 58 58 62 62 409 409 597 578 578 578 597 597 597 597 597 158 158 158 158 118 118 118 118 598 598 598 349 349 598 598 598 598 598 598 598 598 598 598 598 598 598 598 598 598 598 598 598 598 598 598 598 598 598 246 246 246 673 673 247 -1 267 267 267 490 668 160 160 132 132
685 685 397 -1 604 604 7 223 223 399 399 399 399 595 153 153 153 153 603 603 603 603 603 603 574 574 579 579 603 62 62 409 409 597 597 597 597 597 597 597 597 597 443 158 158 158 118 118 118 118 348 348 349 349 349 598 598 598 598 598 598 598 598 598 598 598 598 598 598 598 598 598 598 598 598 598 521 521 521 246 246 246 246 673 673 247 565 565 358 358 358 668 160 160 132 132
396 396 396 -1 342 342 547 223 223 399 399 399 399 595 153 153 153 153 603 603 603 603 603 603 603 603 579 579 603 603 603 592 592 597 597 597 597 597 597 597 597 443 443 443 443 83 118 118 118 118 348 348 348 598 598 598 598 598 598 598 598 598 598 598 598 598 598 598 598 598 598 598 598 598 598 598 521 521 521 246 246 246 246 520 520 495 495 495 495 641 641 159 159 35 35 132
396 396 342 342 342 342 547 547 545 545 594 594 594 594 153 153 153 153 154 154 603 603 603 603 603 603 603 603 603 603 603 592 592 597 597 597 597 597 597 597 597 443 443 83 83 83 118 118 118 118 348 329 329 329 598 598 598 598 598 598 598 598 598 598 598 598 598 598 598 598 598 598 598 598 598 598 521 521 521 520 520 520 520 520 520 650 495 495 495 641 641 159 159 35 35 686
480 480 480 395 342 342 547 547 545 545 594 594 559 559 153 153 153 153 154 154 603 603 603 603 91 603 603 603 603 597 597 597 597 597 597 597 597 597 597 597 597 597 597 83 83 83 -1 117 117 117 156 329 329 329 598 598 598 598 598 598 598 598 598 598 598 598 598 598 598 598 598 598 598 598 598 598 521 521 521 520 520 520 520 520 520 650 495 495 495 133 133 133 133 35 35 -1
480 480 480 395 544 544 544 544 738 401 287 287 559 559 665 152 689 689 45 648 17 17 603 603 91 91 91 603 603 597 597 597 597 597 597 597 597 597 155 155 155 155 155 155 155 -1 -1 117 117 117 156 329 329 329 598 598 598 598 598 598 598 598 598 598 598 598 598 598 598 598 598 598 598 598 598 598 566 566 566 227 227 227 227 520 520 650 241 495 495 710 133 133 133 33 -1 -1
480 480 480 395 544 334 622 401 401 401 287 287 287 11 11 152 152 689 45 45 17 17 17 17 91 91 91 597 597 597 597 597 597 597 597 597 597 445 445 445 445 98 98 155 -1 119 119 -1 117 156 156 331 331 331 598 598 598 598 598 598 598 598 598 598 598 598 598 598 598 598 598 598 598 598 598 598 566 566 566 227 227 227 227 662 662 662 241 676 237 237 669 669 33 33 500 -1
480 480 327 327 327 334 334 401 401 401 287 11 11 11 11 152 152 8 45 45 17 17 17 17 597 597 597 597 597 597 597 597 597 597 597 597 597 445 445 445 403 403 98 707 -1 119 252 -1 117 157 157 157 331 331 496 496 148 148 148 148 598 598 598 598 598 598 598 598 598 598 598 598 598 598 598 598 566 566 566 227 227 227 227 407 407 568 241 676 237 237 236 236 33 33 500 713
695 480 327 327 327 334 334 170 170 170 170 11 11 11 11 18 18 8 8 8 17 17 17 17 479 479 597 597 597 597 597 597 597 597 597 597 597 445 445 445 403 403 291 291 -1 -1 252 -1 215 157 157 157 331 331 496 148 148 148 148 148 598 598 598 598 598 598 598 598 598 598 598 598 598 598 598 598 598 598 598 227 227 227 227 407 407 568 241 237 237 237 236 221 221 221 34 34
695 285 327 327 327 334 334 334 170 170 170 11 11 11 11 -1 -1 8 8 8 740 15 15 479 479 479 597 597 597 597 597 597 597 597 597 597 597 597 597 445 636 403 291 291 291 -1 -1 -1 215 215 664 664 331 664 496 148 148 148 148 148 598 598 598 598 598 598 598 598 598 598 598 598 598 598 598 598 598 598 227 227 227 227 227 407 407 -1 241 614 614 238 236 221 221 71 71 71
281 281 281 281 721 109 3 3 3 170 170 11 11 11 11 11 -1 -1 -1 -1 -1 15 15 15 15 597 597 597 597 597 597 597 597 597 597 597 597 597 597 597 636 636 253 253 214 214 214 216 215 215 215 664 664 664 496 148 148 148 148 148 598 598 598 598 598 598 598 598 598 598 598 598 598 598 598 352 352 352 227 227 227 227 227 407 -1 241 241 614 614 238 238 221 221 71 71 71
281 281 281 281 282 109 3 3 3 2 2 -1 14 14 9 9 9 10 -1 -1 722 15 15 15 15 597 597 597 597 597 597 597 597 597 597 597 597 597 597 597 597 597 253 253 214 214 214 216 216 216 216 404 404 404 496 148 148 148 148 148 598 598 598 598 598 598 598 598 598 598 598 598 598 598 598 352 352 352 699 699 519 519 519 -1 619 619 239 239 239 238 238 238 221 71 71 71
281 281 281 281 282 109 109 -1 -1 -1 -1 -1 14 14 9 9 10 10 736 12 12 12 12 414 414 597 597 597 597 597 597 597 597 597 597 597 597 597 597 597 597 597 292 292 292 214 214 216 216 216 216 404 404 404 496 148 148 148 148 148 598 598 598 598 598 598 598 598 598 598 598 598 598 598 598 352 352 352 218 218 218 -1 -1 564 225 619 619 239 239 238 238 238 238 71 71 481
