dev/input/maps/LGrafAnalysis/forest-patch-raster.asc
NCOLS 100
NROWS 100
XLLCORNER 0
YLLCORNER 0
CELLSIZE 50
NODATA_VALUE NaN
[rows 0 to 74 of 100, columns 0 to 95 of 100]
4 4 4 4 4 4 4 4 4 4 4 4 4 4 4 4 4 4 4 4 -1 -1 -1 -1 -1 -1 -1 -1 -1 -1 -1 16 16 16 16 16 16 16 16 16 16 16 16 16 16 16 16 16 16 16 16 16 16 16 16 16 16 16 16 16 16 16 16 16 16 16 16 16 16 16 16 16 16 16 16 16 16 16 16 16 -1 -1 -1 36 -1 45 45 45 45 45 45 45 45 45 45 45
4 4 4 4 4 4 4 4 4 4 4 4 4 4 4 4 4 4 4 4 -1 -1 -1 -1 16 -1 16 16 16 16 16 16 16 16 16 16 16 16 16 16 16 16 16 16 16 16 16 16 16 16 16 16 16 16 16 16 16 16 16 16 16 16 16 16 16 16 16 16 16 16 16 16 16 16 16 16 16 16 16 16 -1 -1 -1 36 -1 -1 -1 45 45 45 45 45 45 45 45 45
4 4 4 4 4 4 4 4 4 4 4 4 4 4 4 4 4 4 4 4 -1 -1 -1 -1 -1 16 -1 -1 -1 -1 -1 16 16 16 16 16 16 16 16 16 16 16 16 16 16 16 16 16 16 16 16 16 16 16 16 -1 -1 16 16 16 16 16 16 16 16 16 16 16 16 16 16 16 16 16 16 16 16 16 16 16 -1 -1 -1 -1 -1 49 -1 -1 45 -1 45 45 45 45 45 45
4 4 4 4 4 4 4 4 4 4 4 4 4 4 4 4 4 4 4 4 -1 -1 -1 -1 -1 16 -1 -1 -1 -1 -1 16 16 16 16 16 16 16 16 16 16 16 16 16 16 16 16 16 16 16 16 16 16 16 16 -1 -1 -1 -1 -1 -1 -1 -1 -1 -1 16 16 16 16 16 16 16 16 16 16 16 16 16 16 16 16 -1 -1 16 16 -1 49 -1 -1 45 45 45 45 45 45 45
4 4 4 4 4 4 4 4 4 4 4 4 4 4 4 4 4 4 4 4 -1 -1 -1 -1 -1 16 -1 -1 -1 -1 -1 16 16 16 16 16 16 16 16 16 16 16 16 16 16 16 16 16 16 16 16 16 16 16 16 -1 -1 -1 -1 -1 -1 -1 -1 -1 -1 16 16 16 16 16 16 16 16 16 16 16 16 16 -1 -1 -1 16 16 -1 -1 -1 -1 -1 -1 45 45 45 45 45 45 45
4 4 4 4 4 4 4 4 4 4 4 4 4 4 4 4 4 4 4 4 -1 -1 -1 -1 -1 16 -1 -1 -1 -1 -1 16 16 16 16 16 16 16 16 16 16 16 16 16 16 16 16 16 16 16 16 16 16 16 16 -1 -1 -1 -1 -1 -1 -1 -1 -1 -1 16 16 16 16 16 16 16 16 16 16 16 16 16 -1 -1 -1 -1 16 -1 -1 -1 -1 -1 -1 45 45 45 45 45 45 45
4 4 4 4 4 4 4 4 4 4 4 4 4 4 4 4 4 4 4 4 -1 -1 -1 -1 -1 -1 4 -1 -1 -1 -1 16 16 16 16 16 16 16 16 16 16 16 16 16 16 16 16 16 16 16 16 16 16 16 16 16 -1 -1 -1 -1 -1 -1 -1 -1 -1 16 16 16 16 16 16 16 16 16 16 16 16 16 16 -1 -1 -1 -1 -1 -1 -1 -1 -1 -1 -1 45 45 45 45 45 45
4 4 4 4 4 4 4 4 4 4 4 4 4 4 4 4 4 4 4 4 -1 -1 -1 -1 -1 -1 4 -1 -1 -1 -1 16 16 16 16 16 16 16 16 16 16 16 16 16 16 16 16 16 16 16 16 16 16 16 16 -1 16 -1 -1 -1 -1 -1 -1 -1 -1 16 16 16 16 -1 -1 -1 -1 -1 16 16 16 16 16 -1 -1 16 16 -1 -1 -1 -1 -1 -1 45 45 45 45 45 45 45
4 4 4 4 4 4 4 4 4 4 4 4 4 4 4 4 4 4 4 4 -1 -1 -1 -1 -1 -1 4 -1 -1 -1 -1 16 16 16 16 16 16 16 16 16 16 16 16 16 16 16 16 16 16 16 16 16 16 16 16 -1 -1 16 -1 -1 -1 -1 -1 -1 -1 16 16 16 16 -1 -1 -1 -1 -1 16 16 16 16 16 -1 16 -1 -1 16 -1 -1 48 48 45 45 45 45 45 45 45 45
4 4 4 4 4 4 4 4 4 4 4 4 4 4 4 4 4 4 4 4 4 4 4 4 -1 4 4 -1 -1 -1 -1 16 16 16 16 16 16 16 16 16 16 16 16 16 16 16 16 16 16 16 16 16 16 16 16 -1 16 -1 -1 -1 -1 -1 -1 -1 -1 16 16 16 -1 -1 -1 -1 -1 -1 16 16 16 16 -1 16 -1 -1 -1 -1 45 -1 -1 -1 45 45 45 45 45 45 45 45
4 4 4 4 4 4 4 4 4 4 4 4 4 4 4 4 4 4 4 4 4 4 4 4 4 -1 -1 4 -1 -1 -1 16 16 16 16 16 16 16 16 16 16 16 16 16 16 16 16 16 16 16 16 16 16 16 16 -1 16 -1 -1 -1 -1 -1 -1 -1 -1 16 29 29 -1 -1 -1 -1 29 29 29 16 16 16 16 -1 -1 -1 -1 -1 -1 45 45 45 45 45 45 45 45 45 45 45
4 4 4 4 4 4 4 4 4 4 4 4 4 4 4 4 4 4 4 4 4 4 4 4 -1 -1 -1 -1 4 -1 -1 16 16 16 16 16 16 16 16 16 16 16 16 16 16 16 16 16 16 16 16 16 16 16 16 -1 -1 30 -1 -1 -1 -1 -1 -1 -1 29 29 29 -1 -1 -1 -1 -1 -1 29 16 29 29 29 29 -1 -1 -1 -1 -1 -1 45 45 45 45 45 45 45 45 45 45
4 4 4 4 4 4 4 4 4 4 4 4 4 4 4 4 4 4 4 4 4 4 4 4 -1 -1 -1 -1 -1 4 -1 16 16 16 16 16 16 16 16 16 16 16 16 16 16 16 16 16 16 16 16 16 16 16 16 -1 -1 30 -1 -1 -1 -1 -1 -1 -1 29 29 29 -1 -1 -1 -1 -1 -1 29 29 29 29 29 -1 -1 29 -1 -1 29 29 -1 29 45 45 45 45 45 45 45 45
4 4 4 4 4 4 4 4 4 4 4 4 4 4 4 4 4 4 4 4 4 4 4 4 -1 -1 -1 -1 -1 4 -1 16 16 16 16 16 16 16 16 16 16 16 16 16 16 16 16 16 16 16 16 16 16 16 16 -1 30 -1 -1 -1 -1 -1 -1 -1 29 29 29 29 -1 -1 -1 -1 29 29 29 29 29 29 29 -1 -1 29 29 29 29 29 29 29 29 45 45 45 45 45 45 45
4 4 4 4 4 4 4 4 4 4 4 4 4 4 4 4 4 4 4 4 4 4 4 4 4 4 4 4 4 4 16 16 16 16 16 16 16 16 16 16 16 16 16 16 16 16 16 16 16 16 16 16 16 16 16 30 30 30 30 30 30 30 30 29 29 29 29 29 29 29 29 29 29 29 29 29 29 29 29 29 29 29 29 29 29 29 29 29 29 29 45 45 45 45 45 45
4 4 4 4 4 4 4 4 4 4 4 4 4 4 4 4 4 4 4 4 4 4 4 4 4 4 4 4 4 4 16 16 16 16 16 16 16 16 16 16 16 16 16 16 16 16 16 16 16 16 16 16 16 16 16 30 30 30 30 30 30 30 30 30 29 29 29 29 29 29 29 29 29 29 29 29 29 29 29 29 29 29 29 29 29 29 29 29 29 29 45 45 45 45 45 45
4 4 4 4 4 4 4 4 4 4 4 4 4 4 4 4 4 4 4 4 4 4 4 4 4 4 4 4 4 4 4 16 16 16 16 -1 -1 16 16 16 16 16 16 16 16 16 16 16 16 16 16 16 16 16 16 30 30 30 30 30 30 30 30 30 29 29 29 29 29 29 29 29 29 29 29 29 29 29 29 29 29 29 29 29 29 29 29 29 29 29 45 45 45 45 45 45
4 4 4 4 4 4 4 4 4 4 4 4 4 4 4 4 4 4 4 4 4 4 4 4 4 4 4 4 4 4 4 4 -1 16 16 -1 -1 16 16 16 16 16 16 16 16 16 16 16 16 16 16 16 16 16 16 30 30 30 30 30 30 30 30 30 29 29 29 29 29 29 29 29 29 29 29 29 29 29 29 29 29 29 29 29 29 29 29 29 29 29 45 45 45 45 45 45
4 4 4 4 4 4 4 4 4 4 4 4 4 4 4 4 4 4 4 4 4 4 4 4 4 4 4 4 4 4 4 4 -1 -1 16 -1 16 -1 16 16 16 16 16 16 16 16 16 16 16 16 16 16 16 16 16 16 30 30 30 29 29 30 30 30 29 29 29 29 29 29 29 29 29 29 29 29 29 29 29 29 29 29 29 29 29 29 29 29 29 29 45 45 45 45 45 45
4 4 4 4 4 4 4 4 4 4 4 4 4 4 4 4 4 4 4 4 4 4 4 4 4 4 4 4 4 4 -1 4 16 16 -1 16 -1 -1 -1 -1 16 16 16 16 16 16 16 16 16 16 16 16 16 16 16 16 16 29 29 29 29 30 29 29 29 29 29 29 29 29 29 29 29 29 29 29 29 29 29 29 29 29 29 29 29 29 29 29 29 29 45 45 45 45 45 45
4 4 4 4 4 4 4 4 4 4 4 4 4 4 4 4 4 4 4 4 4 4 4 4 4 4 4 4 4 -1 -1 4 -1 -1 -1 -1 -1 -1 -1 -1 16 16 16 16 16 16 16 16 16 16 16 16 16 16 16 16 16 29 29 29 29 29 29 29 29 29 29 29 29 29 29 29 -1 -1 -1 -1 -1 -1 -1 -1 -1 -1 29 29 29 29 29 29 29 29 29 29 45 45 45 45
-1 -1 -1 4 4 4 4 4 4 4 4 4 4 4 4 4 4 4 4 4 4 4 4 4 4 4 4 4 4 4 4 4 -1 -1 -1 -1 -1 -1 -1 -1 16 16 16 -1 16 16 16 16 16 16 16 16 16 16 16 16 16 29 29 29 29 29 29 29 29 29 29 29 29 29 29 29 -1 -1 -1 -1 -1 -1 -1 -1 -1 -1 29 29 29 29 29 29 29 29 29 45 45 45 45 45
-1 -1 -1 4 4 4 4 -1 -1 4 4 4 4 4 4 4 4 4 4 4 4 4 4 4 4 4 4 4 4 4 -1 -1 4 -1 -1 -1 -1 -1 -1 -1 -1 -1 -1 -1 16 16 16 16 16 16 16 16 16 16 16 16 29 29 29 29 29 -1 -1 -1 29 29 29 29 29 29 29 29 -1 -1 -1 -1 -1 -1 -1 -1 -1 -1 29 29 29 29 29 29 29 29 29 45 45 45 45 45
-1 -1 -1 4 -1 -1 4 -1 -1 4 4 4 4 4 4 4 4 4 4 4 4 4 4 4 4 4 4 4 4 4 -1 -1 4 -1 -1 -1 -1 -1 -1 -1 -1 -1 -1 -1 -1 16 16 16 16 16 16 16 16 16 16 16 29 29 29 29 29 -1 -1 -1 29 29 29 29 29 29 29 29 -1 -1 -1 -1 -1 -1 -1 -1 -1 -1 29 29 29 29 29 29 29 45 45 45 45 45 45 45
-1 -1 -1 4 -1 -1 -1 -1 -1 -1 4 6 4 4 4 4 4 4 4 4 4 4 4 4 4 4 4 4 4 4 -1 -1 -1 4 -1 -1 -1 -1 -1 -1 -1 -1 -1 -1 -1 16 16 16 16 16 16 16 16 16 16 16 16 29 29 29 29 -1 -1 -1 29 29 29 29 29 29 29 29 -1 -1 -1 -1 -1 -1 -1 -1 -1 -1 29 29 29 29 29 29 29 29 29 45 45 45 45 45
-1 -1 -1 -1 4 -1 -1 -1 -1 4 6 6 6 9 9 4 4 4 4 4 4 4 4 4 4 4 4 4 4 4 -1 -1 -1 4 -1 -1 -1 -1 -1 -1 -1 24 -1 -1 -1 16 16 16 16 16 16 16 16 16 16 16 16 29 29 29 29 -1 -1 -1 29 29 29 29 29 29 29 29 -1 -1 -1 -1 -1 -1 -1 -1 -1 -1 29 29 29 29 29 29 29 29 29 45 45 45 45 45
-1 -1 -1 4 -1 -1 -1 -1 -1 -1 6 6 6 6 4 4 4 4 4 4 4 4 4 4 4 4 4 4 -1 -1 -1 -1 -1 -1 22 -1 -1 -1 -1 -1 -1 -1 -1 -1 -1 -1 -1 16 16 16 16 16 16 16 16 16 16 29 29 29 29 -1 29 29 29 29 29 29 29 29 29 29 -1 -1 -1 -1 -1 -1 -1 -1 -1 -1 29 29 29 29 29 29 29 29 45 45 45 45 45 45
-1 -1 -1 -1 -1 -1 -1 -1 -1 6 6 6 6 6 4 4 4 4 4 4 4 4 4 4 4 4 4 4 4 -1 -1 -1 -1 -1 22 22 -1 -1 -1 -1 -1 -1 24 24 -1 -1 16 16 16 16 16 16 16 16 16 16 16 29 29 29 29 29 29 29 29 29 29 29 29 3 29 3 29 29 -1 -1 -1 35 -1 -1 -1 29 29 29 35 29 29 29 29 29 29 45 45 45 45 45
-1 -1 -1 -1 -1 -1 -1 6 6 6 6 6 6 6 4 4 4 4 4 4 4 4 4 4 4 4 4 -1 -1 -1 -1 -1 -1 22 -1 -1 22 -1 -1 -1 24 24 -1 -1 16 16 -1 16 16 16 16 16 16 16 16 16 3 29 29 29 29 3 29 29 3 29 29 3 3 3 3 3 -1 -1 29 -1 35 -1 35 35 35 -1 35 35 35 35 29 29 29 29 29 45 45 45 45 45
-1 -1 3 -1 -1 -1 -1 -1 -1 6 6 6 6 6 6 4 4 4 4 4 4 4 4 4 4 4 4 4 -1 -1 -1 -1 -1 -1 -1 -1 -1 22 -1 -1 -1 -1 -1 -1 -1 -1 -1 -1 3 3 3 3 3 16 16 16 3 29 3 3 29 3 3 3 3 3 3 3 3 3 3 3 -1 -1 -1 3 -1 -1 -1 -1 35 -1 35 35 35 35 35 29 -1 29 29 45 45 55 45 45
-1 -1 3 -1 -1 -1 -1 -1 -1 -1 6 6 6 6 4 4 4 4 4 4 4 4 4 4 4 4 4 4 -1 -1 -1 -1 -1 -1 -1 -1 -1 -1 -1 22 -1 -1 -1 -1 -1 -1 -1 3 3 3 3 3 3 3 3 3 3 3 3 3 3 3 3 3 3 3 3 3 3 3 3 3 -1 -1 3 3 -1 -1 -1 -1 3 -1 35 35 35 35 35 35 35 -1 29 -1 55 55 45 45
-1 -1 -1 3 -1 -1 -1 -1 -1 -1 6 6 6 6 4 4 4 4 4 4 4 4 4 4 4 -1 -1 -1 -1 -1 -1 -1 -1 -1 -1 -1 -1 -1 -1 22 -1 -1 -1 -1 -1 -1 -1 3 3 3 3 3 3 3 3 3 3 3 3 3 3 3 3 3 3 3 3 3 3 3 3 3 3 3 -1 -1 -1 -1 -1 -1 3 -1 35 35 35 35 -1 -1 -1 29 -1 -1 -1 -1 -1 -1
-1 -1 3 -1 3 -1 -1 -1 -1 6 6 6 6 6 10 4 4 4 4 4 4 4 4 4 4 -1 -1 -1 -1 -1 -1 -1 -1 -1 -1 -1 -1 -1 22 -1 22 -1 -1 -1 3 -1 -1 3 3 3 3 3 3 3 3 3 3 3 3 3 3 3 3 3 3 3 3 3 3 3 3 3 3 3 3 3 3 3 3 3 3 35 35 35 35 -1 -1 -1 -1 -1 29 -1 -1 54 -1 -1
3 3 -1 3 -1 3 3 3 3 6 6 6 6 10 10 10 4 4 4 4 4 4 4 4 4 -1 -1 -1 -1 -1 -1 -1 -1 -1 -1 22 -1 22 -1 -1 22 -1 -1 3 -1 3 3 3 3 -1 -1 -1 -1 -1 -1 3 3 3 3 3 3 3 3 3 3 3 3 3 3 3 3 3 3 3 3 3 3 3 3 3 3 35 35 35 -1 -1 47 -1 -1 -1 29 -1 -1 -1 -1 -1
3 3 3 3 3 3 3 3 3 3 6 6 -1 -1 -1 -1 11 11 4 4 4 4 4 4 4 -1 -1 -1 -1 -1 -1 -1 19 19 19 19 19 -1 -1 -1 -1 3 3 -1 -1 3 3 3 3 -1 -1 -1 -1 -1 3 -1 3 3 3 3 3 3 3 3 3 3 3 3 3 3 3 3 3 3 3 3 3 3 3 3 3 3 -1 35 -1 -1 47 -1 -1 47 -1 -1 -1 -1 -1 -1
3 3 3 3 3 3 3 3 3 3 3 -1 -1 -1 -1 -1 11 11 4 4 4 4 4 4 4 -1 -1 -1 -1 -1 -1 -1 19 19 -1 -1 -1 -1 -1 -1 -1 3 -1 -1 -1 3 3 3 3 -1 -1 -1 -1 -1 -1 3 3 3 3 3 3 3 3 3 3 3 3 3 3 3 3 3 3 3 3 3 3 3 3 3 3 3 -1 -1 -1 -1 -1 -1 -1 -1 51 -1 -1 -1 -1 -1
3 3 3 3 3 3 3 3 3 3 3 -1 -1 -1 -1 -1 11 11 4 4 4 4 4 4 4 -1 -1 -1 -1 -1 -1 17 19 -1 -1 -1 -1 -1 -1 -1 -1 -1 3 3 3 3 3 3 3 -1 -1 -1 -1 -1 3 -1 3 3 3 3 3 3 3 3 3 3 3 3 3 3 3 3 3 3 3 3 3 3 3 3 3 -1 -1 -1 40 -1 -1 -1 -1 -1 -1 51 -1 -1 -1 -1
3 3 3 3 3 3 3 3 3 3 3 -1 -1 -1 -1 -1 11 11 4 4 4 4 4 4 4 -1 -1 -1 15 15 15 15 3 -1 -1 -1 -1 -1 3 -1 -1 -1 -1 3 3 3 3 3 3 -1 -1 -1 -1 -1 -1 3 3 3 3 3 3 3 3 3 3 3 3 3 3 3 3 3 3 3 3 3 3 3 3 3 3 -1 -1 -1 -1 44 -1 -1 -1 -1 -1 -1 51 -1 -1 -1
3 3 3 3 3 3 3 3 3 3 3 -1 -1 -1 -1 -1 11 11 11 11 4 4 4 4 14 14 14 14 15 3 3 3 3 3 3 3 3 3 3 3 -1 -1 3 3 3 3 3 3 3 -1 -1 -1 -1 -1 -1 -1 3 3 3 3 3 3 3 3 3 3 3 3 3 3 3 3 3 3 3 3 3 3 3 3 3 3 3 -1 -1 -1 -1 -1 -1 -1 -1 -1 51 -1 -1 -1
3 3 3 3 3 3 3 3 3 3 3 -1 -1 -1 -1 3 3 3 3 3 3 3 3 3 -1 14 14 -1 -1 -1 -1 -1 -1 3 3 3 3 3 3 3 3 3 -1 3 3 3 3 3 3 -1 -1 -1 -1 -1 -1 -1 3 3 3 3 3 3 3 3 3 3 3 3 3 3 3 3 3 3 3 3 3 3 3 3 3 3 -1 -1 -1 -1 -1 -1 -1 -1 -1 -1 51 -1 -1 -1
3 3 3 3 3 3 3 3 3 3 3 -1 3 3 3 3 3 3 3 3 3 3 3 3 -1 -1 14 -1 -1 -1 -1 -1 -1 3 3 3 3 3 3 3 3 3 3 3 3 3 3 3 3 3 3 -1 -1 -1 -1 -1 3 3 3 3 3 3 3 3 3 3 3 3 3 3 3 3 3 3 3 3 3 3 3 3 3 3 -1 -1 -1 43 -1 -1 -1 -1 -1 -1 51 -1 -1 -1
3 3 3 3 3 3 3 3 3 3 3 3 3 3 3 3 3 3 3 3 3 3 3 3 -1 -1 14 -1 -1 -1 -1 -1 -1 3 3 3 3 3 3 3 3 3 3 3 3 3 3 3 3 3 3 3 3 3 3 3 3 3 3 3 3 3 3 3 3 3 3 3 3 3 3 3 3 3 3 3 3 3 3 3 3 3 3 -1 -1 -1 -1 -1 -1 -1 -1 -1 51 -1 -1 -1
3 3 3 3 3 3 3 3 3 3 3 3 3 3 3 3 3 3 3 3 3 3 3 3 -1 -1 -1 3 -1 -1 3 -1 -1 3 3 3 3 3 3 3 3 3 3 3 3 3 3 3 3 3 3 3 3 3 3 3 3 3 3 3 3 3 3 3 3 3 3 3 3 3 3 3 3 3 3 3 3 3 3 3 3 3 3 -1 -1 -1 -1 -1 -1 -1 -1 51 -1 -1 -1 -1
3 3 3 3 3 3 3 3 3 3 3 3 3 3 3 3 3 3 3 3 3 3 3 3 -1 -1 -1 3 -1 3 -1 3 -1 3 3 3 3 3 3 3 3 3 3 3 3 3 3 3 3 3 3 3 3 -1 -1 -1 -1 -1 -1 -1 -1 -1 -1 3 3 3 3 3 3 3 3 3 3 3 3 3 3 3 3 3 3 3 3 -1 39 -1 -1 -1 -1 51 -1 51 -1 -1 -1 -1
3 3 3 3 3 3 3 3 3 3 3 3 3 3 3 3 3 3 3 3 3 3 -1 -1 -1 -1 -1 -1 3 -1 -1 -1 -1 3 3 3 3 3 3 3 3 3 26 26 3 3 27 27 3 3 3 3 3 -1 -1 -1 -1 -1 -1 -1 -1 -1 -1 3 3 3 3 3 3 3 3 3 3 3 3 3 3 3 3 3 3 3 3 -1 -1 -1 -1 -1 -1 -1 -1 51 -1 -1 -1 -1
3 3 3 3 3 3 3 3 3 3 3 3 3 3 3 3 3 3 3 3 3 3 -1 -1 -1 -1 -1 -1 3 -1 -1 -1 -1 3 3 3 3 3 3 3 3 3 3 3 3 3 3 3 3 3 3 3 3 -1 -1 -1 -1 -1 -1 -1 -1 -1 -1 3 3 3 3 3 3 3 3 3 3 3 3 3 3 3 3 3 3 3 3 3 3 -1 -1 -1 -1 -1 -1 -1 51 -1 -1 -1
3 3 3 3 3 3 3 3 3 3 3 3 3 3 3 3 3 3 3 3 3 3 -1 -1 -1 -1 -1 -1 -1 3 -1 -1 -1 3 3 3 3 3 3 3 3 3 3 3 3 3 3 3 3 3 3 3 3 -1 -1 -1 -1 -1 -1 -1 -1 -1 -1 3 3 3 3 3 3 3 3 3 3 3 3 3 3 3 3 3 3 3 3 -1 -1 42 -1 -1 -1 -1 -1 -1 -1 -1 -1 -1
3 3 3 3 3 3 3 3 3 3 3 3 3 3 3 3 3 3 3 3 3 3 -1 -1 -1 -1 3 3 3 3 3 3 3 3 3 3 3 3 3 3 3 3 3 3 3 3 3 3 3 3 3 3 3 -1 -1 -1 -1 -1 -1 -1 -1 -1 -1 3 3 3 3 3 3 3 3 3 3 3 3 3 3 3 3 3 3 3 -1 -1 -1 -1 -1 -1 -1 -1 -1 -1 51 -1 -1 -1
3 3 3 3 3 3 3 3 3 3 3 3 3 3 3 3 3 3 3 3 3 3 -1 -1 -1 -1 3 3 3 3 3 3 3 3 3 3 3 3 3 3 3 3 3 3 3 3 3 3 3 3 3 3 3 -1 -1 -1 -1 -1 -1 -1 -1 -1 -1 3 3 3 3 3 3 3 3 3 3 3 3 3 3 3 3 3 3 -1 -1 -1 3 -1 -1 -1 -1 -1 -1 -1 51 -1 -1 -1
3 3 3 3 3 3 3 3 3 3 3 3 3 3 3 3 3 3 3 3 3 3 3 3 3 -1 3 3 3 3 3 3 3 3 3 3 3 3 3 3 3 3 3 3 3 3 3 3 3 3 3 3 3 -1 -1 -1 -1 -1 -1 -1 -1 -1 -1 3 3 3 3 3 3 3 3 3 3 3 3 3 3 3 3 3 3 3 3 3 -1 -1 -1 -1 -1 -1 -1 -1 51 -1 -1 -1
3 3 3 3 3 3 3 3 3 3 3 3 3 3 3 3 3 3 3 3 3 3 3 3 3 3 3 3 3 3 3 3 3 3 3 3 3 3 3 3 3 3 3 3 3 3 3 3 3 3 3 3 3 -1 -1 -1 -1 -1 -1 -1 -1 -1 -1 3 3 3 3 3 3 3 3 3 3 3 3 3 3 3 3 32 -1 -1 -1 -1 -1 -1 -1 -1 -1 -1 -1 51 -1 -1 -1 -1
3 3 3 3 3 3 3 3 3 3 3 3 3 3 3 3 3 3 3 3 3 3 3 3 3 3 3 3 3 3 3 3 3 3 3 3 3 3 3 3 3 3 3 3 3 3 3 3 3 3 3 3 3 -1 -1 -1 -1 -1 -1 -1 -1 -1 -1 3 3 3 3 3 3 3 3 3 3 3 3 3 3 3 32 32 -1 33 -1 -1 38 -1 -1 -1 -1 -1 -1 51 -1 -1 -1 -1
3 3 3 3 3 3 3 3 3 3 3 3 3 3 3 3 3 3 3 3 3 3 3 3 3 3 3 3 3 3 3 3 3 3 3 3 3 3 3 3 3 3 3 -1 3 3 3 3 3 3 3 3 3 -1 -1 -1 -1 -1 -1 -1 -1 -1 -1 3 3 3 3 3 3 3 3 3 3 3 3 3 3 3 3 3 33 33 -1 -1 -1 -1 -1 -1 -1 -1 -1 -1 51 -1 -1 -1
3 3 3 3 3 3 3 3 3 3 3 3 3 3 3 3 3 3 3 3 3 3 3 3 3 3 3 3 3 3 3 3 3 3 3 3 3 3 3 3 -1 3 -1 -1 -1 -1 3 3 3 3 3 3 3 -1 -1 -1 -1 -1 -1 3 3 3 3 3 3 3 3 3 3 3 3 3 3 3 3 3 3 3 3 3 33 3 34 -1 -1 -1 -1 -1 -1 -1 -1 -1 51 -1 -1 -1
3 3 3 3 3 3 3 3 3 3 3 3 3 3 3 3 3 3 3 3 3 3 3 3 3 3 3 3 3 3 3 3 3 3 3 3 3 3 3 3 3 3 25 -1 -1 -1 3 3 3 3 3 3 3 3 3 3 3 3 3 3 3 3 3 3 3 3 3 3 3 3 3 3 3 3 3 3 3 3 3 3 3 3 3 -1 -1 -1 -1 -1 -1 -1 -1 41 -1 -1 -1 -1
3 3 3 3 3 3 3 3 3 3 3 3 3 3 3 3 3 3 3 3 3 3 3 3 3 3 3 3 3 3 3 3 3 3 3 3 3 3 -1 -1 -1 -1 -1 3 3 3 3 3 3 3 3 3 3 3 3 3 3 3 3 3 3 3 3 3 3 3 3 3 3 3 3 3 3 3 3 3 3 3 3 3 3 3 3 37 37 -1 -1 -1 -1 -1 41 -1 -1 -1 -1 -1
3 3 3 3 3 3 3 3 3 3 3 3 3 3 3 3 3 3 3 3 3 3 3 3 3 3 3 3 3 3 3 3 3 3 3 3 3 3 3 -1 -1 -1 -1 -1 -1 -1 3 3 3 3 3 3 3 3 3 3 3 3 3 3 3 3 3 3 3 3 3 3 3 3 3 3 3 3 3 3 3 3 3 3 3 3 3 -1 37 37 -1 -1 -1 -1 41 41 41 -1 -1 -1
3 3 3 3 3 3 3 3 3 3 3 3 3 3 3 3 3 3 3 3 3 3 3 3 3 3 3 3 3 3 3 3 3 3 3 3 3 3 3 3 -1 -1 -1 -1 -1 3 3 3 3 3 3 3 3 3 3 3 3 3 3 3 3 3 3 3 3 3 3 3 3 3 3 3 3 3 3 3 3 3 3 3 3 3 3 -1 -1 -1 41 -1 -1 41 -1 -1 -1 41 -1 -1
3 3 3 3 3 3 3 3 3 3 3 3 3 3 3 3 3 3 3 3 3 3 3 3 3 3 3 3 3 3 3 3 3 3 3 3 3 3 3 3 3 -1 -1 -1 -1 3 3 3 3 3 3 3 3 3 3 3 3 3 3 3 3 3 3 3 3 3 3 3 3 3 3 3 3 3 3 3 3 3 3 3 3 3 3 3 3 -1 -1 41 41 -1 -1 -1 -1 -1 46 46
3 3 3 3 3 3 3 3 3 3 3 3 3 3 3 3 3 3 3 3 3 3 3 3 3 3 3 3 3 3 3 3 3 3 3 3 3 3 3 3 3 3 -1 3 3 3 3 3 3 3 3 3 3 3 3 3 3 3 3 3 3 3 3 3 3 3 3 3 3 3 3 3 3 3 3 3 3 3 3 3 3 3 3 -1 -1 41 41 -1 41 -1 -1 -1 -1 -1 -1 -1
3 3 3 3 3 3 3 3 3 3 3 3 3 3 3 3 3 3 3 3 3 3 3 3 3 3 3 3 3 3 3 3 3 3 3 3 3 3 3 3 3 3 3 3 3 3 3 3 3 3 3 3 3 3 3 3 3 3 3 3 3 3 3 3 3 3 3 3 3 3 3 3 3 3 3 3 3 3 3 3 3 3 3 -1 -1 41 -1 -1 41 -1 -1 -1 -1 -1 -1 -1
3 3 3 3 3 3 3 3 3 3 3 3 3 3 3 3 3 3 3 3 3 3 3 3 3 3 3 3 3 3 3 3 3 3 3 3 3 3 3 3 3 3 3 3 3 3 3 3 3 3 3 3 3 3 3 3 3 3 3 3 3 3 3 3 3 3 3 3 3 3 3 3 3 3 3 3 3 3 3 3 3 3 -1 -1 -1 -1 -1 41 -1 -1 -1 -1 -1 -1 -1 -1
3 3 3 3 3 3 3 3 3 3 3 3 3 3 3 3 3 3 3 3 3 3 3 3 3 3 3 3 3 3 3 3 3 3 3 3 3 3 3 3 3 3 3 3 3 3 3 3 3 3 3 3 3 3 3 3 3 3 3 3 3 3 3 3 3 3 3 3 3 3 3 3 3 3 3 3 3 3 3 3 3 -1 3 -1 -1 -1 41 -1 -1 -1 -1 -1 -1 -1 -1 -1
3 3 3 3 3 3 3 3 3 3 3 3 3 3 3 3 3 3 3 3 3 3 3 3 3 3 3 3 3 3 3 3 3 3 3 3 3 3 3 3 3 3 3 3 3 3 3 3 3 3 3 3 3 3 3 3 3 3 3 3 3 3 3 3 3 3 3 3 3 3 3 3 3 3 3 3 3 3 3 3 3 3 3 -1 -1 -1 3 -1 -1 -1 53 -1 -1 -1 -1 -1
3 3 3 3 3 3 3 3 3 3 3 3 3 3 3 3 3 3 3 3 3 3 3 3 3 3 3 3 3 3 3 3 3 3 3 3 3 3 3 3 3 3 3 3 3 3 3 3 3 3 3 3 3 3 3 3 3 3 3 3 3 3 3 3 3 3 3 3 3 3 3 3 3 3 3 3 3 3 3 3 3 3 3 3 3 -1 3 -1 -1 50 -1 -1 46 -1 -1 -1
3 3 3 3 3 3 3 3 3 3 3 3 3 3 3 3 3 3 3 3 3 3 3 3 3 3 3 3 3 3 3 3 3 3 3 3 3 3 3 3 3 3 3 3 3 3 3 3 3 3 3 3 3 3 3 3 3 3 3 3 3 3 3 3 3 3 3 3 3 3 3 3 3 3 3 3 3 3 3 3 3 3 3 3 -1 3 -1 -1 -1 46 -1 46 46 -1 -1 -1
2 3 3 3 3 3 3 3 3 3 3 3 3 3 3 3 3 3 3 3 3 3 3 3 3 3 3 3 3 3 3 3 3 3 3 3 3 3 3 3 3 3 3 3 3 3 3 3 3 3 3 3 3 3 3 3 3 3 3 3 3 3 3 3 3 3 3 3 3 3 3 3 3 3 3 3 3 3 3 3 3 3 3 3 -1 -1 46 46 46 46 46 46 46 46 46 46
3 3 3 3 3 3 3 3 3 3 3 3 3 3 3 3 3 3 3 3 3 3 3 3 3 3 3 3 3 3 3 3 3 3 3 3 3 3 3 3 3 3 3 3 3 3 3 3 3 3 3 3 3 3 3 3 3 3 3 3 3 3 3 3 3 3 3 3 3 3 3 3 3 3 3 3 3 3 3 3 3 3 3 3 3 -1 46 -1 -1 46 46 46 46 46 46 46
1 3 3 3 3 3 3 3 3 3 3 3 3 3 3 3 3 3 3 3 3 3 3 3 3 3 3 3 3 3 3 3 3 3 3 3 3 3 3 3 3 3 3 3 3 3 3 3 3 3 3 3 3 3 3 3 3 3 3 3 3 3 3 3 3 3 3 3 3 3 3 3 3 3 3 3 3 3 3 3 3 3 3 3 3 3 -1 -1 46 46 46 46 46 46 46 46
0 3 3 3 3 3 3 3 3 3 3 3 3 3 3 3 3 3 3 3 3 3 3 3 3 3 3 3 3 3 3 3 3 3 3 3 3 3 3 3 3 3 3 3 3 3 3 3 3 3 3 3 3 3 3 3 3 3 3 3 3 3 3 3 3 3 3 3 3 3 3 3 3 3 3 3 3 3 3 3 3 3 3 3 3 3 -1 -1 46 46 46 46 46 46 46 46
0 0 3 3 3 3 3 3 3 3 3 3 3 3 3 3 3 3 3 3 3 3 3 3 3 3 3 3 3 3 3 3 3 3 3 3 3 3 3 3 3 3 3 3 3 3 3 3 3 3 3 3 3 3 3 3 3 3 3 3 3 3 3 3 3 3 3 3 3 3 3 3 3 3 3 3 3 3 3 3 3 3 3 3 3 3 -1 -1 -1 46 46 46 46 46 46 46
0 0 3 3 3 3 3 3 3 3 3 3 3 3 3 3 3 3 3 3 3 3 3 3 3 3 3 3 3 3 3 3 3 3 3 3 3 3 3 3 3 3 3 3 3 3 3 3 3 3 3 3 3 3 3 3 3 3 3 3 3 3 3 3 3 3 3 3 3 3 3 3 3 3 3 3 3 3 3 3 3 3 3 3 3 3 46 46 46 46 46 46 46 46 46 46
0 0 3 3 3 3 3 3 3 3 3 3 3 3 3 3 3 3 3 3 3 3 3 3 3 3 3 3 3 3 3 3 3 3 3 3 3 3 3 3 3 3 3 3 3 3 3 3 3 3 3 3 3 3 3 3 3 3 3 3 3 3 3 3 3 3 3 3 3 3 3 3 3 3 3 3 3 3 3 3 3 3 3 3 3 3 46 46 46 46 46 46 46 46 46 46
0 0 3 3 3 3 3 3 3 3 3 3 3 3 3 3 3 3 3 3 3 3 3 3 3 3 3 3 3 3 3 3 3 3 3 3 3 3 3 3 3 3 3 3 3 3 3 3 3 3 3 3 3 3 3 3 3 3 3 3 3 3 3 3 3 3 3 3 3 3 3 3 3 3 3 3 3 3 3 3 3 3 3 3 3 3 46 46 46 46 46 46 46 46 46 46
0 0 0 0 3 3 3 3 3 3 3 3 3 3 3 3 3 3 3 3 3 3 3 3 3 3 3 3 3 3 3 3 3 3 3 3 3 3 3 3 3 3 3 3 3 3 3 3 3 3 3 3 3 3 3 3 3 3 3 3 3 3 3 3 3 3 3 3 3 3 3 3 3 3 3 3 3 3 3 3 3 3 3 3 3 46 46 46 46 46 46 46 46 46 46 46
