input/maps/fourhundred-farmers/patch-id-raster.asc
NCOLS 100
NROWS 100
XLLCORNER 238244.587426
YLLCORNER 9789775.284544
CELLSIZE 50
NODATA_VALUE NaN
[rows 0 to 44 of 100, columns 0 to 95 of 100]
-1 -1 -1 -1 -1 -1 -1 -1 -1 -1 -1 -1 -1 -1 -1 -1 -1 -1 -1 -1 -1 -1 -1 -1 -1 -1 -1 -1 -1 -1 -1 -1 -1 -1 -1 -1 -1 -1 -1 -1 -1 -1 -1 731 731 731 731 -1 815 815 815 626 860 860 860 -1 -1 -1 -1 -1 -1 -1 -1 -1 836 371 371 -1 -1 887 887 887 887 896 896 896 -1 -1 -1 914 914 -1 426 426 426 -1 183 183 -1 -1 -1 -1 -1 -1 -1 -1
-1 -1 -1 -1 -1 -1 -1 -1 -1 -1 -1 -1 -1 -1 -1 -1 -1 -1 -1 -1 -1 -1 -1 -1 -1 -1 -1 -1 -1 -1 -1 -1 -1 -1 -1 -1 -1 -1 -1 -1 -1 -1 731 731 731 731 731 626 626 626 626 626 860 860 81 81 81 81 -1 -1 694 694 694 694 836 371 371 371 371 887 887 887 896 896 896 896 518 518 518 518 914 -1 426 426 -1 -1 183 183 -1 -1 -1 -1 -1 -1 -1 -1
-1 -1 -1 -1 -1 -1 -1 -1 -1 -1 -1 -1 -1 -1 -1 -1 -1 -1 -1 -1 -1 -1 -1 -1 -1 -1 -1 -1 -1 -1 -1 -1 -1 -1 -1 -1 618 618 618 618 -1 -1 731 731 731 731 731 626 626 626 626 626 860 860 81 81 81 81 440 440 694 694 694 836 836 371 371 371 371 887 887 887 896 896 896 896 906 518 518 518 914 -1 -1 -1 -1 183 183 183 -1 -1 -1 -1 -1 -1 -1 -1
-1 -1 -1 -1 -1 -1 -1 -1 -1 -1 -1 -1 -1 -1 -1 -1 -1 -1 -1 -1 -1 -1 -1 -1 -1 -1 -1 -1 -1 -1 -1 -1 -1 -1 -1 -1 618 618 618 618 854 854 854 651 651 651 651 626 626 626 626 626 860 904 81 81 81 81 440 440 694 694 694 836 -1 341 341 -1 880 880 887 887 896 -1 906 906 906 518 518 518 -1 165 165 -1 183 183 183 183 -1 -1 -1 -1 -1 -1 -1 -1
-1 -1 -1 -1 -1 -1 -1 -1 -1 -1 -1 -1 -1 -1 -1 -1 -1 -1 -1 -1 -1 -1 -1 -1 -1 -1 -1 -1 -1 -1 617 617 617 617 617 617 618 618 618 618 854 601 601 -1 651 651 651 626 626 626 626 626 904 904 81 81 81 81 97 -1 694 694 341 341 341 341 341 -1 880 880 880 -1 -1 782 782 782 906 518 518 518 165 165 -1 -1 183 183 183 183 -1 -1 -1 -1 -1 -1 -1 -1
-1 -1 -1 -1 -1 -1 -1 -1 -1 -1 -1 -1 -1 -1 -1 -1 -1 -1 -1 -1 -1 -1 -1 -1 -1 -1 -1 -1 -1 617 617 617 617 617 617 617 618 618 618 618 -1 601 601 601 651 651 651 -1 425 425 425 -1 -1 -1 -1 -1 -1 97 97 58 58 58 341 341 341 341 341 825 250 250 250 250 250 782 782 782 782 -1 -1 107 107 107 -1 5 326 326 326 476 476 476 476 476 476 476 -1 -1
-1 -1 -1 -1 -1 -1 -1 -1 -1 -1 -1 -1 -1 -1 -1 -1 -1 -1 -1 -1 -1 -1 -1 -1 -1 -1 -1 -1 -1 617 617 617 617 617 617 617 618 618 618 618 618 601 601 601 651 651 651 -1 425 425 425 -1 349 349 349 784 -1 97 97 58 58 58 341 341 341 341 341 825 250 250 250 250 250 782 492 492 -1 -1 -1 107 107 107 -1 5 326 326 326 476 476 476 476 476 476 476 -1 -1
-1 -1 -1 -1 -1 -1 -1 -1 -1 -1 -1 -1 -1 -1 -1 -1 -1 -1 -1 -1 -1 -1 -1 -1 -1 -1 -1 -1 -1 617 617 617 617 617 617 617 618 618 618 618 618 601 601 601 478 478 478 478 425 425 425 -1 -1 349 349 784 -1 -1 -1 -1 -1 -1 -1 -1 -1 -1 825 825 250 250 250 250 250 250 492 492 -1 448 448 55 55 -1 -1 5 326 326 -1 476 476 476 476 476 476 476 -1 -1
-1 -1 -1 -1 -1 -1 -1 -1 -1 -1 -1 -1 -1 -1 -1 -1 -1 -1 -1 -1 -1 -1 -1 -1 -1 -1 -1 -1 -1 617 617 617 617 617 617 617 591 591 591 591 367 367 367 367 478 478 478 478 810 276 425 -1 3 3 784 784 517 517 140 140 80 80 80 -1 229 229 229 229 250 250 250 250 250 250 492 492 -1 448 448 55 55 55 -1 303 303 417 -1 476 476 476 476 476 476 476 -1 -1
-1 -1 -1 -1 -1 -1 -1 -1 -1 -1 -1 -1 -1 -1 -1 -1 -1 -1 -1 -1 -1 -1 -1 -1 -1 -1 -1 -1 -1 617 617 617 617 617 617 617 591 591 591 591 367 367 367 868 478 478 478 478 810 276 276 -1 3 3 784 784 517 517 -1 140 80 80 80 -1 229 229 229 229 250 240 -1 193 193 193 193 722 722 448 448 448 421 421 -1 303 303 417 417 476 476 476 476 476 476 476 -1 -1
-1 -1 -1 -1 -1 -1 -1 -1 -1 -1 -1 -1 -1 -1 -1 -1 -1 -1 -1 -1 -1 -1 -1 -1 -1 -1 -1 -1 -1 -1 -1 842 -1 555 555 617 -1 591 591 591 367 367 367 868 478 478 478 478 468 468 468 -1 227 227 227 227 -1 224 224 224 80 80 80 -1 -1 229 229 229 -1 240 240 193 193 193 -1 722 -1 139 139 421 421 421 -1 303 -1 417 417 -1 -1 -1 -1 476 476 476 -1 -1
-1 -1 -1 -1 -1 -1 -1 -1 -1 -1 -1 -1 -1 -1 -1 -1 -1 -1 -1 -1 -1 -1 -1 -1 -1 -1 -1 -1 -1 -1 -1 842 842 555 555 -1 -1 591 591 591 367 367 367 868 478 379 379 379 468 468 468 -1 227 227 227 227 -1 224 224 179 179 179 96 96 -1 -1 -1 229 -1 240 240 193 73 73 73 139 139 139 139 421 421 421 -1 -1 67 67 67 -1 -1 -1 -1 -1 -1 -1 -1 -1
-1 -1 -1 -1 -1 -1 -1 -1 -1 -1 -1 -1 -1 -1 -1 -1 -1 -1 -1 -1 -1 -1 -1 -1 -1 -1 -1 -1 -1 -1 -1 -1 -1 -1 555 537 537 537 511 511 330 330 330 330 330 379 379 379 379 468 468 -1 -1 227 227 227 622 224 224 -1 179 179 96 96 -1 -1 -1 -1 -1 -1 -1 -1 73 73 73 139 139 139 139 232 232 -1 -1 -1 67 67 67 -1 -1 -1 -1 -1 -1 -1 -1 -1
-1 -1 -1 -1 -1 -1 -1 -1 -1 -1 -1 -1 -1 -1 -1 -1 -1 -1 -1 -1 -1 -1 -1 -1 -1 -1 859 859 859 859 700 700 685 685 685 537 537 537 511 511 330 330 330 330 330 379 148 -1 579 468 468 -1 -1 -1 -1 227 622 456 456 456 456 456 456 -1 46 46 46 46 46 46 794 -1 -1 -1 -1 139 139 139 139 232 232 -1 -1 -1 67 67 67 -1 -1 -1 -1 -1 -1 -1 -1 -1
-1 -1 -1 -1 -1 -1 -1 -1 -1 -1 -1 -1 -1 -1 -1 -1 -1 -1 -1 -1 -1 -1 -1 -1 -1 -1 859 859 859 859 700 700 685 685 685 545 545 297 511 511 511 330 330 330 330 148 148 120 579 332 332 -1 114 414 414 414 414 456 456 456 456 456 450 450 46 46 46 46 46 46 794 222 222 -1 -1 -1 -1 -1 232 232 232 -1 -1 -1 -1 -1 -1 -1 -1 -1 -1 -1 -1 -1 -1 -1
-1 -1 -1 -1 -1 -1 -1 -1 -1 -1 -1 -1 -1 -1 -1 -1 -1 -1 -1 -1 -1 -1 -1 793 793 793 793 859 859 859 558 558 -1 545 545 545 545 297 89 89 89 89 89 89 330 148 148 120 579 332 332 -1 114 114 414 414 414 456 456 456 456 450 450 450 46 46 46 46 46 46 802 222 222 1 1 1 -1 -1 232 232 232 -1 198 198 198 -1 -1 -1 -1 -1 -1 -1 -1 -1 -1 -1
-1 -1 -1 -1 -1 -1 -1 -1 -1 -1 -1 -1 -1 -1 -1 -1 -1 -1 -1 -1 -1 -1 -1 793 793 793 793 781 781 -1 558 558 558 545 545 545 545 297 89 89 89 89 89 89 -1 148 148 -1 -1 -1 -1 -1 -1 -1 414 414 414 456 456 456 304 450 450 450 46 46 46 46 46 46 802 222 222 1 1 1 -1 -1 -1 -1 -1 -1 198 198 198 198 -1 -1 -1 -1 -1 -1 -1 -1 -1 -1
-1 -1 -1 -1 -1 -1 -1 -1 -1 -1 -1 -1 -1 -1 -1 -1 -1 -1 890 890 -1 -1 -1 697 697 697 793 781 781 -1 558 558 558 545 545 545 259 259 259 89 89 89 89 89 -1 -1 -1 -1 42 42 578 290 290 -1 -1 -1 -1 105 105 105 304 450 450 450 46 46 46 46 46 46 213 653 653 -1 1 1 337 337 -1 -1 -1 424 198 198 198 198 763 763 763 -1 -1 -1 -1 -1 -1 -1
-1 -1 -1 -1 -1 -1 -1 -1 -1 -1 -1 -1 -1 -1 -1 892 892 892 890 890 -1 -1 -1 697 697 697 697 715 715 -1 558 558 558 558 513 513 259 259 259 89 89 89 89 89 -1 205 205 205 205 578 578 290 290 290 290 290 -1 105 105 105 304 450 450 450 46 46 46 46 213 213 213 653 653 -1 1 1 337 337 337 -1 -1 424 198 198 198 198 763 763 -1 -1 -1 -1 -1 -1 -1 -1
-1 -1 -1 -1 -1 -1 -1 -1 -1 -1 -1 913 913 913 -1 892 892 892 890 878 878 -1 -1 697 697 697 697 715 715 -1 671 671 -1 -1 513 513 609 259 259 89 89 89 89 89 -1 205 205 205 491 491 491 290 290 290 290 804 -1 105 105 105 304 257 257 257 257 489 213 213 213 213 213 135 135 135 135 706 706 -1 -1 -1 -1 249 249 249 -1 -1 763 763 -1 -1 -1 -1 -1 -1 -1 -1
-1 -1 -1 -1 -1 -1 -1 -1 -1 -1 -1 913 913 913 907 892 892 892 -1 878 878 878 -1 697 697 697 697 715 715 715 671 -1 609 609 609 609 609 -1 -1 89 89 89 89 89 -1 -1 452 452 664 76 76 290 290 290 290 166 -1 486 486 304 304 257 257 257 257 489 489 213 213 213 213 135 135 135 135 706 -1 -1 265 265 -1 249 249 249 -1 -1 -1 -1 -1 -1 -1 -1 -1 -1 -1 -1
-1 -1 -1 920 920 -1 -1 -1 -1 -1 -1 913 913 913 907 902 902 902 -1 -1 -1 640 640 640 640 680 680 680 484 484 484 484 484 484 312 312 312 312 312 -1 -1 -1 -1 -1 -1 -1 452 452 76 76 76 74 74 74 19 166 -1 -1 486 304 304 257 257 257 257 489 489 727 727 112 112 112 112 135 135 -1 -1 172 172 265 393 249 249 249 -1 -1 -1 -1 -1 -1 -1 -1 -1 -1 -1 -1
-1 927 927 920 920 920 920 920 -1 -1 -1 913 913 913 907 902 902 786 752 752 752 640 640 640 640 680 680 484 484 484 484 484 484 484 -1 312 312 312 312 -1 -1 101 101 101 101 101 557 557 -1 -1 812 74 74 74 19 166 166 -1 -1 48 48 48 48 93 466 466 466 466 466 112 112 112 670 -1 -1 -1 -1 -1 -1 265 393 393 393 393 393 -1 -1 -1 -1 -1 -1 -1 -1 -1 -1 -1
-1 927 927 920 920 920 920 920 917 917 -1 913 913 913 913 902 902 786 752 752 752 640 640 640 640 680 680 484 484 484 484 484 484 484 840 312 312 312 312 -1 -1 101 101 101 101 101 -1 -1 -1 -1 -1 -1 -1 -1 19 166 166 166 -1 48 48 48 48 93 466 91 91 528 528 112 -1 -1 -1 -1 218 -1 -1 274 274 274 274 274 274 645 645 645 645 -1 -1 -1 -1 -1 -1 -1 -1 -1
-1 -1 -1 920 920 920 920 920 917 917 917 -1 -1 -1 -1 -1 -1 786 752 752 752 640 640 640 640 546 546 484 484 484 484 484 484 484 840 503 503 503 272 -1 -1 101 101 101 101 101 -1 41 41 41 41 41 -1 -1 -1 166 166 166 -1 48 48 48 48 93 91 91 91 528 528 -1 -1 218 218 218 218 -1 274 274 274 274 274 274 274 645 645 645 645 -1 -1 -1 -1 -1 -1 -1 -1 -1
-1 -1 -1 -1 -1 -1 -1 -1 882 882 882 882 -1 -1 654 654 -1 603 603 603 603 640 640 640 640 640 546 484 484 484 484 484 484 484 840 667 667 667 272 272 -1 101 101 101 101 101 -1 -1 41 41 41 41 289 289 -1 -1 -1 -1 -1 150 150 126 48 93 91 91 91 528 -1 -1 846 -1 442 442 623 -1 -1 274 102 686 686 686 -1 645 645 645 645 -1 -1 -1 -1 -1 -1 -1 -1 -1
-1 -1 -1 -1 -1 -1 -1 -1 -1 882 882 882 866 866 654 654 603 603 603 603 603 640 640 640 640 640 606 484 484 484 484 484 484 484 461 461 316 316 316 316 -1 -1 101 101 101 101 -1 -1 -1 41 41 41 289 289 589 839 -1 -1 -1 -1 150 126 93 93 91 91 91 -1 -1 242 242 242 442 442 623 -1 -1 -1 102 102 686 216 216 216 -1 -1 780 780 -1 -1 -1 -1 -1 -1 -1 -1
-1 -1 -1 -1 -1 -1 -1 -1 -1 882 882 882 866 866 654 654 603 603 603 603 603 602 602 602 -1 -1 606 606 606 144 484 484 484 484 461 461 461 316 316 316 316 -1 -1 -1 141 141 141 141 -1 374 -1 -1 -1 184 184 184 184 184 221 -1 -1 -1 -1 -1 -1 -1 -1 -1 262 242 242 242 514 514 623 474 474 -1 -1 102 686 216 216 216 611 611 780 780 -1 -1 -1 -1 -1 -1 -1 -1
-1 -1 -1 -1 -1 -1 -1 -1 -1 -1 -1 835 835 835 631 -1 603 603 603 603 603 602 602 602 602 606 606 606 606 144 144 144 144 144 144 279 650 433 433 -1 -1 -1 -1 161 141 141 141 141 -1 374 57 -1 -1 -1 184 184 184 184 221 221 377 377 -1 301 301 301 540 540 262 262 262 262 514 514 211 211 211 -1 -1 -1 686 216 216 216 611 611 611 611 -1 -1 -1 -1 -1 -1 -1 -1
-1 -1 -1 -1 -1 -1 -1 -1 -1 -1 -1 835 835 835 631 631 603 603 603 603 603 602 602 602 602 606 606 606 606 144 144 144 144 144 144 279 650 433 433 -1 657 161 161 161 141 141 141 141 -1 374 374 -1 774 -1 184 184 184 184 221 457 377 -1 -1 301 301 301 301 540 262 262 262 262 514 514 211 211 211 45 45 -1 -1 216 216 216 611 611 611 611 -1 -1 -1 -1 -1 -1 -1 -1
-1 -1 -1 -1 -1 -1 -1 926 926 926 926 631 631 631 631 631 631 639 639 639 -1 602 602 602 602 -1 400 400 400 144 144 144 144 144 144 279 650 -1 -1 -1 657 161 161 161 141 141 141 173 -1 -1 -1 -1 774 -1 -1 184 184 184 457 457 192 192 -1 -1 301 301 301 382 382 382 382 592 514 514 211 211 211 45 45 -1 -1 520 520 520 434 434 434 434 434 -1 -1 -1 -1 -1 -1 -1
-1 -1 -1 -1 -1 -1 -1 926 926 926 926 631 631 631 631 631 631 639 639 639 531 531 531 531 531 531 531 400 400 144 144 144 144 144 144 -1 -1 -1 -1 -1 383 383 383 383 -1 389 389 173 649 121 121 121 83 83 -1 561 561 561 457 457 192 192 -1 -1 -1 301 301 382 382 382 382 592 592 669 669 669 669 196 196 -1 -1 520 520 434 434 434 434 434 434 -1 -1 -1 -1 -1 -1 -1
-1 -1 -1 916 916 916 -1 926 926 926 926 631 631 631 631 631 631 845 639 531 531 531 531 531 531 531 531 400 400 144 144 144 144 144 144 -1 862 319 319 319 319 383 383 383 389 389 389 173 649 121 121 121 83 83 -1 -1 -1 -1 239 239 239 192 71 71 -1 6 6 6 382 382 382 592 592 669 669 669 669 196 196 -1 -1 520 520 434 434 434 434 434 434 -1 -1 -1 -1 -1 -1 -1
-1 -1 -1 916 916 916 916 926 926 926 926 631 631 631 631 631 631 845 639 531 531 531 531 531 531 531 531 -1 496 496 248 248 248 248 248 -1 862 319 319 319 319 383 383 383 389 389 389 401 401 121 121 121 -1 124 124 124 -1 -1 239 239 239 -1 71 71 -1 6 6 6 805 632 592 592 592 171 171 171 171 171 171 -1 744 520 520 434 434 434 434 434 434 -1 -1 -1 -1 -1 -1 -1
-1 -1 -1 916 916 916 916 922 922 -1 -1 631 631 631 631 631 631 845 -1 531 531 531 531 531 531 531 531 354 354 496 -1 248 248 248 248 -1 342 319 319 319 319 600 600 515 515 908 908 401 401 121 159 159 159 124 124 124 -1 -1 239 239 239 499 499 -1 -1 6 6 6 805 632 592 592 592 171 171 171 171 171 171 -1 744 744 744 434 434 434 434 434 434 -1 -1 -1 -1 -1 -1 -1
915 915 -1 916 916 916 916 922 922 -1 -1 378 378 378 837 837 837 449 449 811 811 553 553 553 460 460 531 354 354 642 329 329 329 169 248 -1 -1 319 319 319 319 -1 600 515 515 428 428 428 428 -1 159 159 159 856 124 124 -1 245 245 245 241 241 499 -1 -1 360 360 360 471 471 648 648 592 171 171 171 171 171 171 -1 744 744 422 422 422 761 761 761 761 833 -1 -1 -1 -1 -1 -1
915 915 909 909 909 909 909 922 -1 432 432 378 378 378 -1 449 449 449 449 811 -1 553 553 553 460 460 460 354 354 642 406 406 -1 -1 -1 -1 322 322 322 501 501 501 501 501 501 428 428 428 69 69 159 345 345 345 345 345 -1 245 245 372 241 241 -1 -1 49 49 360 360 471 471 648 648 648 171 171 171 171 171 171 -1 -1 744 422 422 422 761 761 761 833 833 833 833 -1 -1 -1 -1
915 915 909 909 909 909 909 -1 -1 432 432 378 378 378 -1 449 449 449 449 405 405 405 553 553 460 291 291 354 354 406 406 406 -1 -1 -1 -1 322 322 322 501 501 501 501 501 501 428 428 428 69 69 30 30 30 320 345 -1 -1 228 228 372 372 -1 -1 314 314 314 360 360 431 -1 -1 585 585 585 585 610 760 760 13 13 -1 -1 422 422 422 143 761 284 284 833 481 481 -1 -1 -1 -1
915 915 909 909 909 909 909 -1 -1 432 432 432 17 17 -1 449 449 449 449 405 405 405 291 291 291 291 291 354 354 128 128 128 -1 310 310 310 310 322 322 501 501 501 501 501 501 770 770 69 69 69 30 30 30 320 -1 -1 228 228 228 372 372 -1 111 314 314 314 -1 360 431 431 431 585 585 585 585 610 760 760 13 13 110 -1 -1 -1 422 143 -1 284 284 -1 481 481 481 481 -1 -1
915 915 915 909 909 909 909 350 350 350 350 350 17 17 17 318 318 288 593 405 405 405 291 291 291 291 291 354 354 128 128 128 -1 310 310 310 584 322 322 501 501 501 501 501 501 770 770 69 69 69 30 30 30 -1 -1 228 228 228 228 228 -1 -1 111 314 314 314 314 431 431 431 431 585 585 585 610 610 -1 395 395 215 215 215 -1 -1 -1 -1 252 252 252 252 481 481 481 481 -1 -1
915 915 915 915 879 879 909 350 350 350 350 350 17 17 17 318 318 288 593 593 234 820 291 291 291 291 291 354 354 354 128 128 -1 10 584 584 584 584 322 501 501 501 501 501 597 -1 88 88 -1 -1 -1 -1 -1 -1 228 228 228 228 228 228 -1 111 111 719 719 719 431 431 431 431 431 663 663 610 610 610 395 395 395 215 215 122 122 -1 -1 -1 252 252 252 252 481 481 481 481 -1 -1
893 893 893 879 879 879 -1 350 350 350 350 350 -1 -1 -1 -1 -1 288 593 593 234 820 63 63 63 637 160 160 160 399 399 -1 -1 10 180 180 180 572 572 572 -1 597 597 597 597 88 88 88 -1 -1 12 12 459 459 39 39 39 39 516 516 -1 164 164 164 164 164 431 431 431 431 431 663 663 610 610 610 395 395 395 215 215 122 133 133 133 -1 -1 261 261 261 481 481 481 481 -1 -1
893 893 893 879 879 879 900 350 350 350 350 350 -1 -1 254 254 -1 -1 -1 -1 234 709 63 63 63 582 160 160 160 527 527 -1 -1 10 180 180 180 572 572 572 -1 597 597 597 597 88 88 88 -1 -1 12 12 37 -1 39 39 39 39 516 -1 -1 164 164 164 164 164 447 447 447 560 560 560 560 560 510 510 510 510 510 215 215 133 133 133 133 -1 -1 -1 261 481 481 481 481 481 -1 -1
910 870 870 870 870 870 870 870 185 185 185 350 -1 -1 254 254 756 309 309 -1 -1 709 63 63 63 582 160 160 160 -1 -1 -1 -1 -1 180 180 -1 572 572 676 676 443 443 443 443 443 145 145 -1 -1 12 37 37 37 39 39 39 39 39 -1 4 164 164 164 164 164 447 447 447 560 560 560 560 560 510 510 510 510 510 863 863 133 133 133 133 -1 -1 -1 68 68 68 -1 -1 -1 -1 -1
910 910 870 870 870 870 870 870 185 185 185 -1 -1 -1 254 254 467 467 309 -1 -1 709 63 63 63 582 -1 -1 -1 -1 -1 -1 385 269 180 180 -1 676 676 676 676 443 443 443 443 225 225 225 -1 -1 37 37 37 37 39 39 39 39 39 -1 14 14 164 164 164 164 534 534 534 560 560 560 560 560 510 510 510 510 510 863 -1 133 133 133 133 177 177 -1 68 68 68 -1 -1 -1 -1 -1
