old versions (Night of Science 2019)/dev/input/maps/hundred-farmers/forest-patch-raster.asc
NCOLS 100
NROWS 100
XLLCORNER 238244.587426
YLLCORNER 9789775.284544
CELLSIZE 50
NODATA_VALUE NaN
[rows 0 to 58 of 100, columns 0 to 95 of 100]
2 2 2 2 2 2 2 2 2 2 2 2 2 2 2 2 2 2 2 2 2 2 2 2 2 2 2 2 2 2 2 2 2 2 2 2 2 2 2 2 2 2 2 2 2 2 2 2 2 2 2 2 2 2 2 2 2 2 2 2 2 2 2 2 2 2 2 2 2 2 2 2 2 2 2 2 2 2 2 2 2 2 2 2 2 -1 69 69 69 69 69 69 69 69 69 69
2 2 2 2 2 2 2 2 2 2 2 2 2 2 2 2 2 2 2 2 2 2 2 2 2 2 2 2 2 2 2 2 2 2 2 2 2 2 2 2 2 2 2 2 2 2 2 2 2 2 2 2 2 2 2 2 2 2 2 2 2 2 2 2 2 2 2 2 2 2 2 2 2 2 2 2 2 2 2 2 2 2 2 2 -1 -1 69 69 69 69 69 69 69 69 69 69
2 2 2 2 2 2 2 2 2 2 2 2 2 2 2 2 2 2 2 2 2 2 2 2 2 2 2 2 2 2 2 2 2 2 2 2 2 2 2 2 2 2 2 2 2 2 2 2 2 2 2 2 2 2 2 2 2 2 2 2 2 2 2 2 2 2 2 2 2 2 2 2 2 2 2 2 2 2 2 -1 2 -1 -1 -1 -1 69 69 69 69 69 69 69 69 69 69 69
2 2 2 2 2 2 2 2 2 2 2 2 2 2 2 2 2 2 2 2 2 2 2 2 2 2 2 2 2 2 2 2 2 2 2 2 2 2 2 2 2 2 2 2 2 2 2 2 2 2 2 2 2 2 2 2 2 2 2 2 2 2 2 2 2 2 2 2 2 2 2 2 2 2 2 2 2 2 2 -1 -1 -1 -1 -1 69 69 69 69 69 69 69 69 69 69 69 69
2 2 2 2 2 2 2 2 2 2 2 2 2 2 2 2 2 2 2 2 2 2 2 2 2 2 2 2 2 2 2 2 2 2 2 2 2 2 2 2 2 2 2 2 2 2 2 2 2 2 2 2 2 2 2 2 2 2 2 2 2 2 2 2 2 2 2 2 2 2 2 2 2 2 2 2 2 2 2 -1 -1 -1 -1 -1 69 69 69 69 69 69 69 69 69 69 69 69
2 2 2 2 2 2 2 2 2 2 2 2 2 2 2 2 2 2 2 2 2 2 2 2 2 2 2 2 2 2 2 2 2 2 2 2 2 2 2 2 2 2 2 2 2 2 2 2 2 2 2 -1 -1 -1 -1 -1 -1 2 2 2 2 2 2 2 2 2 2 2 2 2 2 2 2 2 2 2 2 2 2 -1 -1 -1 -1 -1 -1 69 69 69 69 69 69 69 69 69 69 69
2 2 2 2 2 2 2 2 2 2 2 2 2 2 2 2 2 2 2 2 2 2 2 2 2 2 2 2 2 2 2 2 2 2 2 2 2 2 2 2 2 2 2 2 2 2 2 2 2 -1 -1 -1 51 51 51 51 -1 2 2 2 2 2 2 2 2 2 2 2 2 2 2 2 2 2 2 2 2 2 2 -1 -1 -1 -1 -1 -1 69 69 69 69 69 69 69 69 69 69 69
2 2 2 2 2 2 2 2 2 2 2 2 2 2 2 2 2 2 2 2 2 2 2 2 2 2 2 2 2 2 2 2 2 2 2 2 2 2 2 2 2 2 2 2 2 2 2 2 2 2 -1 -1 51 51 51 51 -1 -1 -1 -1 -1 -1 -1 -1 2 2 -1 2 2 2 2 2 2 2 2 2 2 2 2 2 -1 -1 -1 -1 -1 69 69 69 69 69 69 69 69 69 69 69
2 2 2 2 2 2 2 2 2 2 2 2 2 2 2 2 2 2 2 2 2 2 2 2 2 2 2 2 2 2 2 2 2 2 2 2 2 2 2 2 2 2 2 2 2 2 2 2 2 2 2 -1 51 51 51 51 -1 -1 51 51 51 51 51 -1 2 2 -1 -1 -1 2 2 2 2 2 2 2 2 2 2 2 -1 -1 -1 -1 -1 -1 -1 -1 69 69 69 69 69 69 69 69
2 2 2 2 2 2 2 2 2 2 2 2 2 2 2 2 2 2 2 2 2 2 2 2 2 2 2 2 2 2 2 2 2 2 2 2 2 2 2 2 2 2 2 2 2 2 2 2 2 2 2 -1 51 51 51 51 51 51 51 -1 -1 -1 -1 -1 2 -1 -1 -1 -1 2 -1 -1 2 2 2 2 2 2 2 -1 -1 72 -1 -1 -1 -1 -1 -1 69 69 69 69 69 69 69 69
2 2 2 2 2 2 2 2 2 2 2 2 2 2 2 2 2 2 2 2 2 2 2 2 2 2 2 2 2 2 2 2 2 2 2 2 2 2 2 2 2 -1 -1 -1 -1 -1 -1 2 2 2 2 -1 51 51 51 51 51 51 51 -1 -1 -1 -1 -1 -1 -1 -1 -1 -1 -1 -1 -1 2 2 2 2 2 2 -1 -1 -1 -1 -1 -1 -1 -1 69 69 69 69 69 69 69 69 69 69
2 2 2 2 2 2 2 2 2 2 2 2 2 2 2 2 2 2 2 2 2 2 2 2 2 2 2 2 2 2 2 2 2 2 2 2 2 2 2 2 2 -1 -1 -1 -1 -1 -1 -1 -1 -1 -1 -1 51 -1 51 51 51 51 51 51 51 -1 -1 51 -1 -1 -1 -1 -1 -1 67 -1 2 2 2 2 2 2 -1 71 71 71 -1 -1 -1 -1 -1 69 69 69 69 69 69 69 69 69
2 2 2 2 2 2 2 2 2 2 2 2 2 2 2 2 2 2 2 2 2 2 2 2 2 2 2 2 2 2 2 2 2 2 2 2 2 2 2 2 2 -1 -1 -1 -1 -1 -1 -1 -1 -1 -1 -1 -1 -1 -1 -1 51 51 51 51 51 51 51 51 51 51 -1 -1 -1 -1 -1 -1 2 2 2 2 2 2 -1 -1 -1 -1 -1 69 -1 69 -1 69 69 69 69 69 69 69 69 69
2 2 2 2 2 2 2 2 2 2 2 2 2 2 2 2 2 2 2 2 2 2 2 2 2 2 2 2 2 2 2 2 2 2 2 2 2 2 2 2 2 -1 -1 -1 -1 -1 -1 2 -1 -1 -1 -1 -1 -1 -1 -1 51 51 51 51 51 51 51 51 -1 -1 -1 -1 -1 -1 -1 -1 -1 -1 2 2 2 2 -1 -1 -1 -1 -1 69 69 69 69 69 69 69 69 69 69 69 69 69
2 2 2 2 2 2 2 2 2 2 2 2 2 2 2 2 2 2 2 2 2 2 2 2 2 2 2 2 2 2 2 2 2 2 2 2 2 2 2 2 2 2 -1 -1 -1 -1 -1 2 -1 -1 -1 -1 -1 -1 -1 -1 51 51 51 51 51 51 51 51 -1 -1 -1 -1 -1 -1 -1 -1 -1 -1 -1 -1 -1 2 -1 -1 -1 -1 -1 69 69 69 69 69 69 69 69 69 69 69 69 69
2 2 2 2 2 2 2 2 2 2 2 2 2 2 2 2 2 2 2 2 2 2 2 2 2 2 2 2 2 2 2 2 2 2 2 2 2 2 2 2 2 2 2 2 2 2 2 2 -1 -1 -1 -1 -1 -1 -1 -1 51 51 51 -1 -1 51 51 51 51 51 51 51 -1 -1 51 -1 -1 -1 -1 51 -1 -1 70 70 70 -1 69 69 69 69 69 69 69 69 69 69 69 69 69 69
2 2 2 2 2 2 2 2 2 2 2 2 2 2 2 2 2 2 2 2 2 2 2 2 2 2 2 2 2 2 2 2 2 2 2 2 2 2 2 2 2 2 2 2 2 2 2 -1 -1 -1 -1 -1 -1 -1 51 51 51 51 51 -1 -1 -1 51 51 51 51 51 51 51 51 51 -1 -1 51 51 51 51 -1 -1 70 -1 -1 69 69 69 69 69 69 69 69 69 69 69 69 69 69
2 2 2 2 2 2 2 2 2 2 2 2 2 2 2 2 2 2 2 2 2 2 2 2 2 2 2 2 2 2 2 2 2 2 2 2 2 2 2 2 2 2 2 2 -1 -1 -1 -1 -1 -1 -1 -1 50 -1 -1 -1 -1 51 51 -1 -1 -1 51 51 51 51 51 51 51 51 51 51 51 51 51 51 51 51 -1 -1 -1 69 69 69 69 69 69 69 69 69 69 69 69 69 69 69
2 2 2 2 2 2 2 2 2 2 2 2 2 2 2 2 2 2 2 2 2 2 2 2 2 2 2 2 2 2 2 2 2 2 2 2 2 2 2 2 2 2 2 2 -1 25 -1 -1 -1 -1 -1 -1 -1 -1 -1 -1 -1 -1 -1 -1 51 51 51 51 51 51 51 51 51 51 51 51 51 51 51 51 -1 51 51 -1 -1 69 69 69 69 69 69 69 69 69 69 69 69 69 69 69
2 2 2 2 2 2 2 2 2 2 2 2 2 2 2 2 2 2 2 2 2 2 2 2 2 2 2 2 2 2 2 2 2 2 2 2 2 2 2 2 2 2 2 2 -1 25 25 -1 -1 -1 -1 -1 -1 -1 -1 -1 -1 -1 -1 -1 51 51 51 51 51 51 51 51 51 51 51 51 -1 51 -1 -1 -1 -1 -1 -1 69 69 69 69 69 69 69 69 69 69 69 69 69 69 69 69
2 2 2 2 2 2 2 2 2 2 2 2 2 2 2 2 2 2 2 2 2 2 2 2 2 2 2 2 2 2 2 2 2 2 2 2 2 2 2 2 2 2 2 2 -1 -1 25 25 25 25 -1 -1 -1 -1 -1 -1 -1 -1 51 51 51 51 51 51 51 51 51 51 51 51 51 -1 -1 51 -1 -1 -1 -1 -1 -1 69 69 69 69 69 69 69 69 69 69 69 69 69 69 69 69
2 2 2 2 2 2 2 2 2 2 2 2 2 2 2 2 2 2 2 2 2 2 2 2 2 2 2 2 2 2 2 2 2 2 2 2 2 2 2 2 -1 -1 -1 -1 -1 -1 25 25 25 -1 -1 -1 -1 -1 -1 -1 -1 -1 51 51 51 51 51 51 51 51 51 51 -1 51 51 -1 -1 51 51 -1 -1 -1 -1 -1 69 69 69 69 69 69 69 69 69 69 69 69 69 69 69 69
2 2 2 2 2 2 2 2 2 2 2 2 2 2 2 2 2 2 2 2 2 2 2 2 2 2 2 2 2 2 2 2 2 2 2 2 2 -1 -1 -1 -1 25 25 25 25 25 25 25 -1 -1 45 45 -1 -1 -1 -1 57 -1 -1 51 51 51 51 51 51 51 51 -1 -1 51 51 -1 -1 -1 -1 -1 -1 -1 -1 -1 -1 69 69 69 69 69 69 69 69 69 69 69 69 69 69 69
2 2 2 2 2 2 2 2 2 2 2 2 2 2 2 2 2 2 2 2 2 2 2 2 2 2 2 2 2 2 2 2 2 2 2 -1 -1 -1 -1 -1 25 25 25 25 25 25 -1 -1 -1 -1 -1 -1 -1 -1 57 57 57 -1 -1 51 51 51 51 51 51 51 51 -1 -1 51 -1 -1 -1 -1 37 -1 -1 68 -1 -1 -1 69 69 69 69 69 69 69 69 69 69 69 69 69 69 69
2 2 2 2 2 2 2 2 2 2 2 2 2 2 2 2 2 2 2 2 2 2 2 2 2 2 2 2 2 2 2 2 2 2 2 -1 -1 -1 -1 -1 -1 25 25 25 25 25 -1 38 38 38 38 38 38 -1 -1 57 -1 -1 -1 51 51 51 51 51 51 -1 -1 -1 -1 -1 -1 37 37 37 37 -1 68 68 -1 -1 69 69 69 69 69 69 69 69 69 69 69 69 69 69 69 69
2 2 2 2 2 2 2 2 2 2 2 2 2 2 2 2 2 2 2 2 2 2 2 2 2 2 2 2 2 2 2 2 2 2 2 2 2 2 2 2 -1 25 25 25 25 25 -1 38 -1 -1 -1 -1 -1 -1 -1 -1 -1 64 -1 51 51 51 51 51 51 -1 -1 -1 -1 -1 -1 37 37 37 37 -1 -1 68 -1 -1 69 69 69 69 69 69 69 69 69 69 69 69 69 69 69 69
2 2 2 2 2 2 2 2 2 2 2 2 2 2 2 2 2 2 2 2 2 2 2 2 2 2 2 2 2 2 2 2 2 2 2 2 2 2 -1 -1 -1 -1 25 25 25 25 -1 -1 -1 -1 -1 -1 -1 -1 -1 -1 -1 -1 -1 -1 51 51 51 51 51 -1 -1 -1 -1 -1 -1 37 37 37 37 37 -1 -1 69 69 69 69 69 69 69 69 69 69 69 69 69 69 69 69 69 69
2 2 2 2 2 2 2 2 2 2 2 2 2 2 2 2 2 2 2 2 2 2 2 2 2 2 2 2 2 2 2 2 2 2 2 2 2 2 -1 -1 -1 -1 -1 25 25 25 25 25 -1 -1 -1 -1 -1 53 53 -1 61 61 61 -1 -1 -1 -1 -1 -1 -1 -1 -1 -1 -1 -1 -1 37 37 37 37 37 -1 -1 69 69 69 69 69 69 69 69 69 69 69 69 69 69 69 69 69
2 2 2 2 2 2 2 2 2 2 2 2 2 2 2 2 2 2 2 2 2 2 2 2 2 2 2 2 2 2 2 2 2 2 2 2 2 2 -1 -1 -1 -1 -1 25 25 25 25 25 -1 43 -1 -1 -1 -1 53 -1 -1 -1 -1 42 42 42 -1 37 37 37 37 37 -1 -1 -1 -1 37 37 37 37 37 37 -1 -1 69 -1 -1 -1 69 69 69 69 69 69 69 69 69 69 69 69
2 2 2 2 2 2 2 2 2 2 2 2 2 2 2 2 2 2 2 2 2 2 2 2 2 2 2 2 2 2 2 2 2 2 2 2 2 2 2 -1 -1 -1 25 25 25 25 25 25 -1 43 43 -1 49 -1 53 -1 -1 -1 -1 -1 -1 42 -1 37 37 37 37 37 37 37 37 37 37 37 37 37 37 37 37 -1 -1 -1 -1 -1 69 69 69 69 69 69 69 69 69 69 69 69
2 2 2 2 2 2 2 2 2 2 2 2 2 2 2 2 2 2 2 2 2 2 2 2 2 2 2 2 2 2 2 2 2 2 2 2 2 2 2 -1 -1 -1 25 25 25 25 25 25 -1 -1 -1 -1 49 -1 -1 -1 -1 -1 -1 -1 -1 42 -1 -1 37 37 37 37 37 37 37 37 37 37 37 37 37 37 37 -1 -1 -1 -1 -1 69 69 69 69 69 69 69 69 69 69 69 69
2 2 2 2 2 2 2 2 2 2 2 2 2 2 2 2 2 2 2 2 2 2 2 2 2 2 2 2 2 2 2 2 2 2 2 -1 -1 -1 -1 -1 -1 -1 -1 -1 -1 25 25 25 25 25 25 -1 -1 -1 -1 -1 -1 -1 42 42 42 42 42 -1 -1 37 37 37 37 37 37 37 37 37 37 37 37 37 37 -1 69 69 69 69 69 69 69 69 69 69 69 69 69 69 69 69
2 2 2 2 2 2 2 2 2 2 2 2 2 2 2 2 2 2 2 2 2 2 2 2 2 2 2 2 2 2 2 2 2 2 2 -1 25 25 25 25 -1 -1 -1 -1 -1 25 25 25 25 25 25 -1 -1 52 -1 -1 -1 63 -1 -1 42 42 42 42 -1 37 37 37 37 37 37 37 37 37 37 37 37 37 37 -1 69 69 69 69 69 69 69 69 69 69 69 69 69 69 69 69
2 2 2 2 2 2 2 2 2 2 2 2 2 2 2 2 2 2 2 2 2 2 2 2 2 2 2 2 2 2 2 2 2 2 2 -1 25 25 25 25 -1 -1 -1 -1 -1 25 25 25 25 25 25 25 -1 -1 -1 -1 -1 -1 -1 -1 42 42 42 42 -1 37 37 37 37 37 37 37 37 37 37 37 37 37 37 -1 69 69 69 69 69 69 69 69 69 69 69 69 69 69 69 69
2 2 2 2 2 2 2 2 2 2 2 2 2 2 2 2 2 2 2 2 2 2 2 2 2 2 2 2 2 2 2 2 2 2 2 -1 25 25 25 25 -1 -1 -1 -1 -1 25 25 25 25 25 -1 -1 -1 -1 -1 -1 -1 -1 -1 -1 -1 42 42 -1 -1 37 37 37 37 37 37 37 37 37 37 37 37 37 -1 -1 69 69 69 69 69 69 69 69 69 69 69 69 69 69 69 69
2 2 2 2 2 2 2 2 2 2 2 2 2 2 2 2 2 2 2 2 2 2 2 2 2 2 2 2 2 2 2 2 2 2 2 -1 25 25 25 25 -1 -1 -1 -1 -1 25 25 25 25 25 -1 -1 -1 -1 -1 -1 -1 42 -1 -1 -1 42 42 -1 37 37 37 37 37 37 37 37 37 37 37 37 37 -1 -1 -1 69 69 69 69 69 69 69 69 69 69 69 69 69 69 69 69
2 2 2 2 2 2 2 2 2 2 2 2 2 2 2 2 2 2 2 2 2 2 2 2 2 2 2 2 2 2 2 2 -1 -1 -1 -1 25 25 25 25 -1 -1 -1 -1 25 25 25 25 25 25 -1 -1 25 25 25 -1 -1 42 42 42 42 42 -1 -1 37 37 37 37 37 37 37 37 37 37 37 37 37 -1 -1 -1 -1 69 69 69 -1 69 69 69 -1 -1 69 69 69 69 69 69
2 2 2 2 2 2 2 2 2 2 2 2 2 2 2 2 2 2 2 2 2 2 2 2 2 2 2 2 2 2 2 2 -1 -1 -1 25 25 25 25 25 25 25 25 25 25 25 25 25 25 25 25 25 25 25 25 -1 -1 42 42 42 42 -1 -1 -1 -1 -1 -1 37 37 37 37 37 37 37 37 37 37 -1 -1 -1 -1 -1 69 69 -1 -1 -1 -1 -1 -1 69 69 69 69 69 69
2 2 2 2 2 2 2 2 2 2 2 2 2 2 -1 -1 2 2 2 2 2 2 2 2 2 2 2 2 2 2 2 2 -1 25 25 25 25 25 25 25 25 25 25 25 25 25 25 25 25 25 25 25 25 25 -1 -1 42 42 42 42 42 -1 37 -1 -1 -1 -1 37 37 37 37 37 37 37 37 37 37 -1 -1 -1 -1 -1 -1 -1 -1 -1 -1 -1 -1 -1 69 69 69 69 69 69
2 2 2 2 2 2 2 2 2 2 2 2 2 2 -1 -1 2 2 2 -1 -1 2 2 2 -1 -1 -1 -1 -1 2 2 2 -1 25 25 25 25 25 25 25 25 25 25 25 25 25 25 25 25 25 25 25 25 -1 -1 42 42 42 42 42 -1 -1 37 -1 -1 -1 -1 37 37 37 37 37 37 37 37 37 37 37 37 37 37 37 37 -1 -1 78 -1 -1 -1 -1 69 69 69 69 69 69
2 2 2 2 2 2 2 2 2 2 2 2 2 2 2 -1 2 2 2 -1 -1 -1 2 2 -1 -1 -1 -1 -1 -1 2 2 -1 25 25 25 25 25 25 25 25 25 25 25 25 25 25 25 25 -1 -1 -1 -1 -1 42 42 42 42 42 42 -1 37 37 -1 -1 -1 -1 37 37 37 37 37 37 37 37 37 37 37 37 37 37 37 37 37 -1 -1 69 69 69 69 69 69 69 69 69 69
2 2 2 2 2 2 2 2 2 2 2 2 2 -1 -1 -1 -1 2 2 -1 -1 -1 2 2 -1 -1 -1 -1 -1 -1 2 2 -1 25 25 25 25 25 25 25 25 25 25 25 25 25 25 25 -1 -1 42 42 42 42 42 42 42 42 42 42 -1 37 37 37 37 37 37 37 37 37 37 37 37 37 37 37 37 37 37 37 37 37 37 37 37 -1 -1 69 69 69 69 69 69 69 69 69
2 2 2 2 2 2 2 2 2 2 2 2 -1 -1 7 7 -1 -1 -1 -1 2 2 2 2 2 -1 -1 -1 -1 -1 2 2 -1 25 25 25 25 25 25 25 25 25 25 25 25 25 25 25 -1 42 42 42 42 42 42 -1 -1 -1 -1 -1 -1 37 37 37 37 37 37 37 37 37 37 37 37 37 37 37 37 37 37 37 37 37 37 37 37 37 -1 -1 -1 69 69 69 69 69 69 69
2 2 2 2 2 2 2 2 2 2 2 2 -1 7 7 -1 -1 -1 7 -1 -1 2 2 2 2 -1 -1 -1 -1 23 -1 -1 -1 25 25 25 25 25 25 25 25 25 25 25 25 25 25 25 -1 42 42 42 42 -1 42 -1 -1 -1 -1 -1 -1 -1 37 37 37 37 37 37 37 37 37 37 37 37 37 37 37 37 37 37 37 37 37 37 37 37 37 -1 -1 -1 69 69 69 69 69 69
2 2 2 2 2 2 2 2 2 2 2 -1 -1 7 7 7 -1 -1 7 7 -1 -1 -1 -1 -1 -1 -1 -1 -1 -1 -1 25 25 25 25 25 25 25 25 25 25 25 25 25 25 25 25 25 -1 -1 42 42 42 -1 42 -1 -1 -1 -1 -1 -1 -1 37 37 37 37 37 37 37 37 37 37 37 37 37 37 37 37 37 37 37 37 37 37 37 37 37 -1 69 69 69 69 69 69 69 69
2 2 2 2 2 2 2 2 2 2 2 -1 7 7 7 7 7 7 7 7 -1 -1 -1 -1 -1 -1 -1 -1 -1 -1 -1 25 25 25 25 25 25 25 25 25 25 25 25 25 25 25 25 25 25 -1 -1 -1 -1 -1 42 -1 -1 -1 66 -1 -1 37 37 37 37 37 37 37 37 37 37 37 37 37 37 37 37 37 37 37 37 37 37 37 37 37 37 -1 69 69 69 69 69 69 69 69
2 2 2 2 2 2 2 2 2 2 2 -1 7 7 7 7 7 7 7 7 7 -1 13 13 -1 -1 -1 -1 -1 -1 -1 25 25 25 25 25 25 25 25 25 25 25 25 25 25 25 25 25 25 25 -1 47 -1 -1 -1 -1 -1 62 -1 -1 -1 -1 37 37 37 37 37 37 37 37 37 37 37 37 37 37 37 37 37 37 37 37 37 37 37 -1 37 -1 69 69 69 69 69 69 69 69
2 2 2 2 2 2 2 2 2 2 2 -1 7 7 7 7 7 7 7 7 7 -1 13 13 -1 16 -1 -1 -1 -1 -1 25 25 25 25 25 25 25 25 25 25 25 25 25 25 25 25 25 25 25 -1 -1 48 -1 -1 -1 -1 -1 -1 -1 -1 -1 37 37 37 37 37 37 37 37 37 37 37 37 37 37 37 37 37 37 37 37 37 37 -1 -1 -1 -1 69 69 69 69 69 69 69 69
2 2 2 2 2 2 2 2 2 2 2 -1 7 7 7 7 7 7 7 7 7 -1 -1 -1 -1 -1 -1 -1 -1 -1 -1 25 25 25 25 25 25 25 25 25 25 25 25 25 25 25 25 25 25 25 -1 -1 48 -1 -1 -1 60 -1 -1 65 -1 -1 37 37 37 37 37 37 37 37 37 37 37 37 37 37 37 37 37 37 37 37 37 37 -1 -1 -1 69 69 69 69 69 69 69 69 69
2 2 2 2 2 2 2 2 2 2 2 -1 7 7 7 7 7 7 7 7 7 7 -1 -1 -1 -1 -1 19 -1 -1 25 25 25 25 25 25 25 25 25 25 25 25 25 25 25 25 25 25 25 25 25 25 -1 -1 -1 -1 -1 -1 65 65 -1 -1 -1 -1 37 37 37 37 37 37 37 37 37 37 37 37 37 37 37 37 37 37 37 37 -1 -1 -1 69 69 69 69 69 69 69 69 69
2 2 2 2 2 2 2 2 2 2 2 -1 7 7 7 7 7 7 7 7 7 7 -1 -1 -1 -1 -1 19 -1 -1 -1 -1 25 25 25 25 25 25 25 25 25 25 25 25 25 25 25 25 25 25 25 25 -1 -1 -1 -1 -1 -1 -1 -1 -1 -1 -1 -1 37 37 37 37 37 37 37 37 37 37 37 37 37 37 37 37 37 37 37 37 37 37 -1 -1 69 69 69 69 69 69 69 69
2 2 2 2 2 2 2 2 2 2 2 -1 7 7 7 7 7 7 7 7 7 7 -1 -1 -1 -1 -1 -1 -1 22 22 -1 -1 25 25 25 25 25 25 25 25 25 25 25 25 25 25 25 25 25 25 25 25 25 25 25 -1 -1 -1 -1 -1 -1 -1 -1 37 37 37 37 37 37 37 37 37 37 37 37 37 37 37 37 37 37 37 37 37 -1 -1 -1 69 69 69 69 69 69 69 69
2 2 2 2 2 2 2 2 2 -1 -1 -1 7 7 7 7 7 7 7 7 7 7 -1 -1 7 7 -1 -1 -1 -1 -1 24 -1 -1 25 25 25 25 25 25 25 25 25 25 25 25 25 25 25 25 25 25 25 25 25 25 -1 -1 -1 -1 -1 -1 -1 -1 37 37 37 37 37 37 37 37 37 37 37 37 37 37 37 37 37 37 37 37 37 37 37 -1 69 69 69 69 69 69 69 69
2 2 2 2 2 2 2 2 2 -1 2 -1 7 7 7 7 7 7 7 7 7 7 7 7 7 7 -1 -1 -1 -1 24 24 24 -1 -1 25 25 25 25 25 25 25 25 25 25 25 25 25 25 25 25 25 25 25 25 -1 -1 -1 -1 -1 -1 -1 -1 -1 -1 -1 37 37 37 37 37 37 37 37 37 37 37 37 37 37 37 37 37 37 37 37 37 -1 69 69 69 69 69 69 69 69
2 2 2 2 2 2 2 2 2 2 2 -1 7 7 7 7 7 7 7 7 7 7 7 7 7 -1 -1 18 -1 -1 24 24 24 24 -1 25 25 25 25 25 25 25 25 25 25 25 25 25 25 25 25 25 25 -1 -1 -1 59 -1 -1 -1 -1 -1 -1 -1 -1 -1 37 37 37 37 37 37 37 37 37 37 37 37 37 37 37 37 37 37 37 37 37 -1 -1 69 69 69 69 69 69 69
2 2 2 2 2 2 2 2 2 2 2 -1 7 7 7 7 7 7 7 7 7 7 7 7 7 -1 -1 18 -1 -1 24 24 24 24 -1 25 25 25 25 25 25 25 25 25 25 25 25 25 25 25 25 25 25 -1 -1 -1 59 -1 -1 -1 -1 -1 -1 -1 -1 -1 37 37 37 37 37 37 37 37 37 37 37 37 37 37 37 37 37 37 37 37 37 37 -1 69 69 69 69 69 69 69
2 2 2 2 2 2 2 2 2 2 2 -1 7 7 7 7 7 7 7 7 7 7 7 7 7 -1 -1 -1 -1 -1 -1 24 -1 -1 -1 25 25 25 25 25 25 25 25 25 25 25 25 25 25 25 25 25 25 25 25 -1 -1 -1 -1 -1 -1 -1 -1 -1 -1 -1 37 37 37 37 37 37 37 37 37 37 37 37 37 37 37 37 37 37 37 37 37 37 -1 -1 69 69 69 69 69 69
2 2 2 2 2 2 2 2 2 2 2 -1 -1 7 7 7 7 7 7 7 7 -1 -1 7 -1 -1 -1 -1 -1 -1 -1 24 -1 -1 -1 25 25 25 25 25 25 25 25 25 25 25 25 25 25 25 25 25 25 25 -1 -1 -1 -1 -1 -1 -1 -1 37 37 37 37 37 37 37 37 37 37 37 37 37 37 37 37 37 37 37 37 37 37 37 37 37 37 37 -1 -1 69 69 69 69 69
2 2 2 2 2 2 2 2 2 2 2 2 -1 -1 7 7 7 7 7 7 7 -1 -1 -1 -1 -1 -1 -1 -1 -1 -1 -1 -1 27 -1 -1 25 25 25 25 25 25 25 25 25 25 25 25 25 25 25 25 25 -1 -1 -1 -1 -1 -1 -1 -1 -1 -1 -1 37 37 37 37 37 37 37 37 37 37 37 37 37 37 37 37 37 37 37 37 37 37 -1 -1 -1 -1 -1 -1 -1 69 69 69
