old versions (Night of Science 2019)/dev/input/maps/twohundred-farmers/forest-patch-raster.asc
NCOLS 100
NROWS 100
XLLCORNER 238244.587426
YLLCORNER 9789775.284544
CELLSIZE 50
NODATA_VALUE NaN
[rows 0 to 55 of 100, columns 0 to 95 of 100]
3 3 3 3 3 3 3 3 3 3 3 3 3 3 3 3 3 3 3 3 3 3 3 3 3 3 3 3 3 3 3 3 3 3 3 3 3 3 3 3 3 3 3 3 3 3 3 3 3 3 -1 -1 -1 -1 -1 107 107 107 107 107 107 -1 -1 -1 128 128 128 128 128 128 128 128 128 128 128 128 128 128 128 128 128 128 128 128 128 -1 147 147 147 147 147 147 147 147 147 147
3 3 3 3 3 3 3 3 3 3 3 3 3 3 3 3 3 3 3 3 3 3 3 3 3 3 3 3 3 3 3 3 3 3 3 3 3 3 3 3 3 3 3 3 3 3 3 3 3 3 -1 -1 -1 -1 -1 -1 -1 -1 -1 107 107 -1 -1 -1 128 128 128 128 128 128 128 128 128 128 128 128 128 128 128 128 128 128 128 128 -1 -1 147 147 147 147 147 147 147 147 147 147
3 3 3 3 3 3 3 3 3 3 3 3 3 3 3 3 3 3 3 3 3 3 3 3 3 3 3 3 3 3 3 3 3 3 3 3 3 3 3 3 3 3 3 3 3 3 3 3 3 -1 -1 -1 -1 -1 -1 -1 -1 -1 -1 107 107 -1 -1 -1 128 128 128 128 128 128 128 128 128 128 128 128 128 128 128 -1 -1 -1 -1 -1 -1 -1 -1 -1 147 147 147 147 147 147 147 147
3 3 3 3 3 3 3 3 3 3 3 3 3 3 3 3 3 3 3 3 3 3 3 3 3 3 3 3 3 3 3 3 3 3 3 3 3 3 3 3 3 3 3 3 3 3 3 -1 -1 -1 -1 -1 -1 -1 -1 -1 -1 -1 -1 107 107 -1 -1 -1 128 128 128 128 128 128 128 128 128 128 128 128 128 128 128 -1 -1 -1 -1 -1 151 -1 -1 -1 147 147 147 147 147 147 147 147
3 3 3 3 3 3 3 3 3 3 3 3 3 3 3 3 3 3 3 3 3 3 3 3 3 3 3 3 3 3 3 3 3 3 3 3 3 3 3 3 3 3 3 3 3 -1 -1 -1 -1 -1 -1 84 84 -1 -1 106 106 -1 -1 -1 -1 -1 -1 -1 128 128 128 128 128 128 128 128 128 128 128 128 128 128 128 -1 -1 -1 -1 -1 151 -1 -1 147 147 147 147 147 147 147 147 147
3 3 3 3 3 3 3 3 3 3 3 3 3 3 3 3 3 3 3 3 3 3 3 3 3 3 3 3 3 3 3 3 3 3 3 3 3 3 3 3 3 3 3 3 -1 -1 -1 -1 -1 -1 -1 -1 -1 -1 -1 -1 -1 -1 -1 -1 -1 -1 -1 -1 -1 -1 -1 -1 128 128 128 128 128 128 128 128 128 128 128 -1 -1 -1 -1 -1 -1 -1 147 147 147 147 147 147 147 147 147 147
3 3 3 3 3 3 3 3 3 3 3 3 3 3 3 3 3 3 3 3 3 3 3 3 3 3 3 3 3 3 3 3 3 3 3 3 3 3 3 3 3 3 3 3 3 -1 -1 -1 -1 -1 -1 -1 -1 -1 -1 -1 -1 116 116 116 -1 -1 -1 -1 -1 -1 -1 -1 128 128 128 128 128 128 128 128 128 128 128 128 -1 -1 -1 -1 -1 -1 -1 -1 147 147 147 147 147 147 147 147
3 3 3 3 3 3 3 3 3 3 3 3 3 3 3 3 3 3 3 3 3 3 3 3 3 3 3 3 3 3 3 3 3 3 3 3 3 3 3 3 3 3 3 3 3 -1 -1 -1 -1 -1 -1 -1 -1 -1 -1 -1 -1 -1 -1 -1 -1 -1 -1 -1 -1 -1 -1 -1 128 128 128 128 128 128 128 128 -1 -1 -1 -1 -1 -1 -1 -1 -1 -1 -1 -1 147 147 147 147 147 147 147 147
3 3 3 3 3 3 3 3 3 3 3 3 3 3 3 3 3 3 3 3 3 3 3 3 3 3 3 3 3 3 3 3 3 3 3 3 3 3 3 3 3 3 3 3 3 3 3 3 3 -1 -1 -1 -1 -1 -1 -1 -1 -1 -1 -1 125 125 125 -1 -1 -1 -1 -1 -1 128 -1 -1 -1 -1 128 128 -1 -1 -1 -1 -1 -1 -1 -1 -1 -1 -1 -1 147 147 147 147 147 147 147 147
3 3 3 3 3 3 3 3 3 3 3 3 3 3 3 3 3 3 3 3 3 3 3 3 3 3 3 3 3 3 3 3 3 3 3 3 3 3 3 3 3 3 3 3 3 3 3 -1 -1 -1 -1 -1 -1 -1 -1 -1 -1 -1 -1 -1 -1 -1 -1 -1 -1 -1 -1 -1 -1 -1 -1 -1 -1 128 128 -1 -1 -1 -1 -1 -1 -1 -1 -1 -1 -1 -1 -1 147 147 147 147 147 147 147 147
3 3 3 3 3 3 3 3 3 3 3 3 3 3 3 3 3 3 3 3 3 3 3 3 3 3 3 3 3 3 3 3 3 3 3 3 3 3 3 3 3 3 -1 -1 -1 -1 -1 -1 -1 -1 -1 -1 -1 -1 -1 -1 -1 -1 -1 -1 -1 -1 -1 -1 -1 129 129 -1 -1 -1 -1 -1 -1 -1 -1 -1 -1 -1 -1 -1 -1 -1 -1 -1 -1 147 147 147 147 147 147 147 147 147 147 147
3 3 3 3 3 3 3 3 3 3 3 3 3 3 3 3 3 3 3 3 3 3 3 3 3 3 3 3 3 3 3 3 3 3 3 3 3 3 3 3 3 3 -1 -1 -1 -1 -1 -1 -1 -1 -1 -1 -1 -1 97 -1 -1 -1 -1 -1 -1 -1 -1 127 -1 -1 -1 -1 -1 -1 130 130 -1 -1 -1 -1 -1 -1 -1 -1 -1 -1 -1 -1 147 147 147 147 147 147 147 147 147 147 147 147
3 3 3 3 3 3 3 3 3 3 3 3 3 3 3 3 3 3 3 3 3 3 3 3 3 3 3 3 3 3 3 3 3 3 3 3 3 3 3 3 3 3 -1 -1 -1 -1 -1 -1 -1 -1 -1 -1 -1 -1 -1 -1 109 -1 -1 -1 -1 -1 -1 -1 -1 -1 -1 -1 -1 -1 -1 -1 -1 -1 -1 -1 -1 -1 -1 -1 -1 -1 -1 -1 -1 -1 147 147 147 147 147 147 147 147 147 147
3 3 3 3 3 3 3 3 3 3 3 3 3 3 3 3 3 3 3 3 3 3 3 3 3 3 3 3 3 3 3 3 3 3 3 3 3 3 3 3 -1 -1 -1 -1 -1 -1 -1 -1 -1 -1 -1 -1 -1 -1 -1 105 -1 -1 -1 -1 -1 -1 -1 -1 -1 -1 115 115 115 115 115 -1 -1 -1 134 -1 -1 -1 -1 -1 -1 -1 -1 -1 -1 -1 -1 147 147 147 147 147 147 147 147 147
3 3 3 3 3 3 3 3 3 3 3 3 3 3 3 3 3 3 3 3 3 3 3 3 3 3 3 3 3 3 3 3 3 3 3 3 3 3 3 3 -1 -1 -1 -1 -1 -1 -1 66 66 -1 -1 -1 -1 -1 -1 105 -1 -1 -1 -1 -1 -1 -1 -1 -1 -1 115 115 115 115 115 115 115 -1 -1 -1 -1 -1 -1 -1 -1 -1 -1 -1 -1 -1 -1 147 147 147 147 147 147 147 147 147
3 3 3 3 3 3 3 3 3 3 3 3 3 3 3 3 3 3 3 3 3 3 3 3 3 3 3 3 3 3 3 3 3 3 3 3 3 3 3 3 -1 -1 -1 -1 -1 -1 -1 66 66 -1 -1 -1 -1 -1 -1 -1 -1 -1 -1 -1 -1 -1 -1 115 115 115 115 115 115 115 115 115 115 -1 -1 -1 -1 -1 -1 -1 145 -1 147 -1 -1 -1 -1 147 147 147 147 147 147 147 147 147
3 3 3 3 3 3 3 3 3 3 3 3 3 3 3 3 3 3 3 3 3 3 3 3 3 3 3 3 3 3 3 3 3 3 3 3 3 3 3 3 -1 -1 -1 -1 -1 -1 -1 -1 -1 -1 -1 -1 -1 -1 -1 -1 -1 -1 120 -1 -1 -1 115 115 115 115 115 115 115 115 115 115 115 -1 -1 -1 -1 -1 -1 141 -1 -1 147 147 147 147 147 147 147 147 147 147 147 147 147 147
3 3 3 3 3 3 3 3 3 3 3 3 3 3 3 3 3 3 3 3 3 3 3 3 3 3 3 3 3 3 3 3 3 3 3 -1 -1 -1 -1 -1 -1 -1 -1 53 -1 -1 -1 -1 -1 -1 -1 -1 -1 -1 -1 -1 -1 -1 -1 115 -1 -1 115 115 115 115 115 115 115 115 115 115 -1 -1 -1 -1 -1 -1 -1 -1 -1 -1 -1 -1 -1 -1 147 147 147 147 147 147 147 147 147 147
3 3 3 3 3 3 3 3 3 3 3 3 3 3 3 3 3 3 3 3 3 3 3 3 3 3 3 3 3 3 3 3 3 3 3 -1 -1 -1 -1 -1 -1 -1 -1 -1 -1 -1 -1 -1 -1 -1 -1 -1 -1 -1 -1 104 -1 -1 -1 115 -1 -1 115 115 115 115 115 115 115 115 115 115 -1 -1 -1 -1 -1 -1 -1 -1 -1 -1 -1 -1 -1 147 147 147 147 147 147 147 147 147 147 147
3 3 3 3 3 3 3 3 3 3 3 3 3 3 3 3 3 3 3 3 3 3 3 3 3 3 3 3 3 3 3 3 3 3 3 -1 -1 -1 -1 -1 -1 -1 -1 -1 -1 -1 -1 -1 -1 -1 -1 -1 -1 -1 -1 104 -1 115 115 115 115 115 115 115 115 115 115 115 115 115 115 -1 -1 -1 -1 -1 -1 -1 -1 -1 -1 -1 -1 -1 -1 147 147 147 147 147 147 147 147 147 147 147
3 3 3 3 3 3 3 3 3 3 3 3 3 3 3 3 3 3 3 3 3 3 3 3 3 3 3 3 3 3 3 3 3 3 3 3 -1 -1 -1 -1 -1 46 -1 -1 -1 -1 -1 -1 -1 -1 -1 -1 -1 93 93 -1 -1 115 115 115 115 115 115 115 115 115 -1 -1 -1 -1 -1 -1 -1 -1 -1 -1 -1 -1 -1 -1 -1 -1 -1 -1 147 147 147 147 147 147 147 147 147 147 147 147
3 3 3 3 3 3 3 3 3 3 3 3 3 3 3 3 3 3 3 3 3 3 3 3 3 3 3 3 3 3 3 3 3 3 3 -1 -1 -1 38 38 -1 -1 -1 -1 -1 -1 -1 -1 -1 73 73 73 -1 -1 -1 -1 -1 -1 115 115 115 115 115 115 115 -1 -1 -1 -1 -1 -1 -1 -1 -1 -1 -1 -1 -1 -1 -1 -1 -1 -1 -1 147 147 147 147 147 147 147 147 147 147 147 147
3 3 3 3 3 3 3 3 3 3 3 3 3 3 3 3 3 3 3 3 3 3 3 3 3 3 3 3 3 3 3 3 3 3 3 -1 -1 -1 38 -1 -1 -1 -1 -1 -1 -1 61 -1 -1 -1 73 73 -1 -1 -1 -1 -1 -1 -1 115 115 115 115 115 115 115 115 115 -1 -1 -1 -1 -1 -1 -1 -1 -1 -1 -1 140 -1 -1 -1 -1 -1 147 147 147 147 147 147 147 147 147 147 147
3 3 3 3 3 3 3 3 3 3 3 3 3 3 3 3 3 3 3 3 3 3 3 3 3 3 3 3 3 3 3 3 3 3 3 -1 -1 -1 -1 -1 43 -1 -1 -1 -1 -1 -1 -1 -1 -1 -1 -1 -1 -1 -1 -1 -1 -1 -1 115 115 115 115 115 115 115 115 115 115 -1 -1 -1 -1 -1 133 -1 -1 -1 -1 -1 -1 -1 -1 -1 -1 -1 147 147 147 147 147 147 147 147 147 147
3 3 3 3 3 3 3 3 3 3 3 3 3 3 3 3 3 3 3 3 3 3 3 3 3 3 3 3 3 3 3 3 3 3 3 -1 34 -1 -1 -1 -1 -1 -1 -1 -1 -1 -1 -1 -1 -1 -1 -1 90 -1 -1 -1 -1 -1 -1 115 115 115 115 115 115 115 -1 115 115 -1 -1 131 131 -1 -1 -1 137 -1 -1 -1 -1 -1 -1 -1 -1 -1 -1 147 147 147 147 147 147 147 147 147
3 3 3 3 3 3 3 3 3 3 3 3 3 3 3 3 3 3 3 3 3 3 3 3 3 3 3 3 3 3 3 3 3 3 -1 -1 -1 -1 -1 -1 -1 -1 -1 -1 -1 59 -1 -1 -1 -1 77 -1 -1 92 -1 -1 -1 114 -1 115 115 115 115 115 -1 -1 -1 115 -1 -1 -1 -1 -1 -1 -1 -1 -1 -1 -1 -1 -1 -1 -1 -1 -1 -1 -1 147 147 147 147 147 147 147 147 147
3 3 3 3 3 3 3 3 3 3 3 3 3 3 3 3 3 3 3 3 3 3 3 3 3 3 3 3 3 3 3 3 3 3 -1 -1 -1 -1 -1 -1 -1 -1 -1 -1 -1 -1 -1 -1 -1 -1 -1 -1 -1 -1 -1 -1 -1 -1 -1 -1 -1 115 115 115 -1 -1 -1 -1 -1 98 -1 -1 132 -1 -1 135 -1 -1 -1 -1 -1 -1 -1 -1 -1 -1 -1 147 147 147 147 147 147 147 147 147
3 3 3 3 3 3 3 3 3 3 3 3 3 3 3 3 3 3 3 3 3 3 3 3 3 3 3 3 3 3 3 3 3 3 3 3 -1 -1 -1 -1 -1 -1 -1 -1 -1 -1 -1 -1 -1 72 72 -1 -1 -1 -1 -1 -1 -1 -1 -1 -1 -1 -1 -1 -1 -1 -1 -1 98 98 98 -1 -1 -1 -1 -1 136 -1 -1 -1 -1 -1 146 -1 -1 -1 -1 147 147 147 147 147 147 147 147 147
3 3 3 3 3 3 3 3 3 3 3 3 3 3 3 3 3 3 3 3 3 3 3 3 3 3 3 3 3 3 3 3 3 3 -1 -1 -1 -1 -1 -1 -1 -1 -1 -1 55 -1 -1 -1 -1 -1 -1 -1 -1 -1 -1 -1 -1 -1 119 -1 -1 -1 -1 98 98 98 98 98 98 98 98 -1 -1 -1 -1 -1 -1 138 -1 -1 144 144 -1 147 147 147 147 147 147 147 147 147 147 147 147 147
3 3 3 3 3 3 3 3 3 3 3 3 3 3 3 3 3 3 3 3 3 3 3 3 3 3 3 3 3 3 3 3 3 3 3 -1 -1 -1 -1 -1 -1 -1 -1 52 -1 -1 -1 -1 -1 -1 -1 -1 -1 -1 -1 -1 -1 -1 119 119 -1 -1 -1 98 98 98 98 98 98 98 98 -1 -1 98 -1 -1 -1 -1 -1 -1 -1 -1 -1 147 147 147 147 147 147 147 147 147 147 147 147 147
3 3 3 3 3 3 3 3 3 3 3 3 3 3 3 3 3 3 3 3 3 3 3 3 3 3 3 3 3 3 3 3 3 3 3 -1 -1 -1 37 -1 -1 -1 49 -1 -1 -1 -1 -1 -1 -1 -1 -1 -1 -1 -1 -1 -1 -1 -1 -1 -1 -1 -1 -1 -1 -1 -1 -1 -1 98 98 -1 -1 98 -1 -1 -1 -1 -1 -1 -1 -1 -1 -1 -1 -1 -1 147 147 147 147 147 147 147 147 147
3 3 3 3 3 3 3 3 3 3 3 3 3 3 3 3 3 3 3 3 3 3 3 3 3 3 3 3 3 3 3 3 3 3 3 -1 -1 -1 -1 -1 42 -1 49 -1 -1 -1 -1 -1 -1 -1 76 -1 -1 -1 -1 -1 -1 -1 -1 -1 124 124 124 -1 -1 -1 -1 -1 -1 98 98 98 98 98 98 98 -1 -1 -1 -1 143 -1 -1 -1 -1 -1 -1 -1 147 147 147 147 147 147 147 147
3 3 3 3 3 3 3 3 3 3 3 3 3 3 3 3 3 3 -1 -1 3 3 3 3 3 3 3 3 3 3 3 3 -1 -1 -1 -1 -1 -1 -1 40 -1 -1 -1 -1 -1 -1 -1 -1 -1 -1 -1 -1 -1 -1 -1 -1 -1 -1 -1 -1 124 -1 -1 -1 -1 -1 -1 -1 -1 98 98 98 98 98 98 98 98 98 98 -1 143 -1 -1 -1 -1 -1 -1 -1 147 147 147 147 147 147 147 147
3 3 3 3 3 3 3 3 3 3 3 3 3 3 3 3 3 -1 -1 -1 3 3 3 3 3 3 3 3 3 3 3 3 -1 -1 -1 -1 -1 36 -1 -1 -1 -1 -1 -1 -1 -1 -1 -1 -1 -1 -1 83 83 83 -1 103 -1 -1 -1 -1 124 -1 -1 -1 -1 -1 -1 -1 -1 98 98 98 98 98 -1 -1 -1 -1 -1 -1 143 143 -1 -1 -1 147 147 147 147 147 147 147 147 147 147 147
3 3 3 3 3 3 3 3 3 3 3 3 3 3 3 3 3 -1 -1 -1 -1 -1 -1 3 3 3 3 3 3 3 3 3 -1 -1 -1 -1 -1 -1 -1 -1 -1 -1 -1 29 -1 -1 -1 -1 -1 -1 -1 -1 -1 -1 -1 -1 -1 -1 -1 -1 -1 -1 -1 -1 -1 -1 -1 -1 -1 98 98 98 98 98 -1 -1 -1 -1 -1 -1 -1 -1 -1 -1 -1 147 147 147 147 147 147 147 147 147 147 147
3 3 3 3 3 3 3 3 3 3 3 3 -1 -1 -1 3 3 -1 -1 -1 -1 -1 -1 3 3 3 3 3 3 3 -1 -1 -1 -1 -1 -1 -1 -1 -1 -1 -1 -1 29 29 -1 -1 -1 -1 -1 -1 -1 -1 -1 -1 -1 -1 -1 113 -1 -1 -1 -1 126 -1 -1 -1 -1 98 -1 98 98 98 98 98 -1 -1 -1 -1 -1 -1 -1 -1 -1 -1 -1 147 -1 -1 -1 -1 147 147 147 147 147 147
3 3 3 3 3 3 3 3 3 -1 3 3 -1 -1 -1 3 3 3 3 -1 -1 -1 -1 3 3 -1 -1 -1 3 3 -1 -1 -1 -1 -1 -1 -1 -1 29 -1 -1 -1 29 -1 -1 -1 29 -1 -1 -1 -1 -1 -1 -1 -1 102 -1 113 -1 -1 -1 -1 -1 -1 -1 -1 98 98 98 98 98 98 98 98 -1 -1 -1 -1 -1 -1 -1 -1 -1 -1 -1 147 -1 -1 -1 -1 147 147 147 147 147 147
3 3 3 3 3 3 3 3 3 -1 -1 -1 -1 -1 -1 3 -1 -1 3 -1 -1 -1 -1 -1 3 -1 -1 -1 3 -1 -1 -1 -1 -1 -1 29 29 29 29 -1 -1 -1 29 -1 -1 29 29 -1 -1 -1 -1 -1 89 -1 -1 -1 -1 -1 -1 122 122 -1 -1 -1 -1 -1 98 98 98 98 98 98 98 98 -1 -1 -1 -1 -1 139 -1 -1 -1 -1 -1 -1 -1 -1 -1 -1 147 147 147 147 147 147
3 3 3 3 3 3 3 3 3 -1 -1 -1 -1 10 -1 -1 -1 -1 -1 -1 -1 -1 -1 -1 3 -1 -1 -1 -1 -1 -1 -1 -1 -1 -1 -1 29 29 29 29 29 29 29 29 29 29 29 -1 -1 -1 -1 -1 -1 -1 -1 -1 -1 -1 -1 122 122 -1 98 -1 -1 -1 -1 -1 98 98 98 98 98 98 98 98 98 98 -1 -1 -1 -1 -1 -1 -1 -1 -1 -1 -1 -1 147 147 147 147 147 147
3 3 3 3 3 3 3 3 3 -1 -1 -1 -1 10 -1 -1 12 -1 -1 -1 -1 -1 -1 -1 3 -1 -1 -1 -1 -1 -1 -1 -1 -1 -1 -1 -1 29 29 29 29 -1 -1 -1 29 29 29 -1 -1 -1 -1 -1 -1 -1 -1 -1 -1 -1 -1 122 -1 -1 98 98 -1 -1 -1 -1 98 98 98 98 98 98 98 98 98 98 -1 -1 -1 98 -1 -1 -1 -1 -1 -1 -1 -1 147 147 147 147 147 147
3 3 3 3 3 3 3 3 3 -1 -1 -1 -1 10 -1 -1 -1 -1 -1 -1 -1 -1 -1 -1 -1 -1 -1 -1 -1 -1 -1 -1 -1 -1 -1 -1 -1 -1 29 29 29 -1 -1 -1 -1 -1 -1 -1 68 -1 -1 -1 -1 -1 -1 -1 -1 -1 -1 122 -1 98 98 98 -1 -1 -1 -1 98 98 98 98 98 98 98 98 98 98 -1 -1 -1 98 -1 98 -1 -1 147 147 147 147 147 147 147 147 -1 -1
3 3 3 3 3 3 -1 -1 -1 -1 -1 -1 -1 -1 -1 -1 -1 -1 -1 -1 -1 -1 -1 -1 -1 -1 -1 -1 24 24 24 24 -1 -1 -1 -1 -1 -1 29 29 29 -1 -1 -1 -1 -1 -1 -1 -1 -1 -1 -1 -1 -1 -1 -1 -1 112 -1 122 -1 98 98 98 98 98 98 98 98 98 98 98 98 98 98 98 98 -1 -1 -1 -1 98 98 98 98 -1 -1 -1 -1 -1 -1 -1 -1 -1 -1 -1
3 3 3 3 3 3 -1 -1 -1 -1 -1 -1 -1 -1 -1 -1 -1 -1 -1 -1 -1 -1 -1 -1 -1 -1 -1 -1 24 -1 -1 -1 -1 -1 -1 -1 33 -1 29 29 -1 -1 -1 -1 -1 -1 -1 -1 -1 -1 -1 -1 -1 -1 -1 101 -1 -1 -1 -1 -1 -1 -1 -1 98 98 98 98 98 98 98 98 98 98 98 98 98 -1 -1 -1 -1 98 98 98 98 98 -1 -1 -1 -1 -1 -1 -1 -1 -1 -1
3 3 3 3 3 3 -1 -1 -1 -1 -1 -1 -1 -1 -1 -1 -1 -1 -1 -1 -1 -1 -1 -1 -1 -1 -1 -1 24 24 -1 -1 -1 31 31 -1 -1 -1 29 29 29 -1 -1 51 -1 -1 -1 -1 -1 -1 -1 -1 -1 -1 96 -1 -1 -1 -1 -1 -1 -1 -1 -1 98 98 98 98 98 98 98 98 98 98 98 98 98 98 98 98 98 98 98 98 -1 -1 -1 -1 -1 -1 -1 -1 -1 -1 -1 -1
3 3 3 3 3 3 -1 -1 -1 -1 -1 -1 -1 -1 -1 -1 -1 -1 -1 -1 -1 -1 -1 -1 -1 20 -1 -1 -1 -1 -1 27 -1 -1 -1 -1 -1 -1 29 29 29 -1 -1 51 51 51 51 51 -1 -1 75 75 -1 -1 96 -1 -1 -1 -1 -1 -1 -1 -1 -1 98 98 98 98 98 98 98 98 98 98 98 98 98 98 98 98 98 98 98 98 -1 -1 -1 -1 -1 -1 -1 -1 147 147 147 147
3 3 3 3 3 3 -1 -1 -1 -1 -1 -1 -1 -1 -1 -1 -1 -1 -1 -1 -1 -1 -1 -1 -1 -1 -1 -1 -1 -1 -1 -1 -1 -1 -1 -1 -1 -1 29 29 29 29 29 -1 -1 -1 -1 -1 -1 -1 -1 -1 -1 -1 96 -1 -1 -1 -1 -1 -1 -1 -1 98 98 98 98 98 98 98 98 98 98 98 98 98 98 98 98 98 98 98 98 -1 -1 -1 -1 -1 -1 -1 -1 -1 147 147 147 147
3 3 3 3 3 -1 -1 -1 -1 -1 -1 -1 -1 -1 -1 -1 -1 -1 -1 -1 -1 -1 -1 -1 -1 -1 19 -1 -1 -1 -1 -1 -1 -1 -1 -1 -1 -1 29 29 29 29 29 -1 -1 -1 -1 -1 -1 -1 -1 -1 -1 -1 -1 -1 -1 111 -1 -1 -1 -1 -1 98 98 98 98 98 98 98 98 98 98 98 98 98 98 98 98 98 98 98 98 -1 -1 -1 -1 -1 -1 -1 -1 -1 -1 147 147 147
3 3 3 3 3 3 3 3 3 3 -1 -1 7 7 -1 -1 -1 -1 -1 -1 -1 -1 -1 -1 -1 19 19 -1 -1 -1 -1 -1 -1 30 30 30 -1 -1 29 29 29 29 29 -1 -1 -1 -1 -1 -1 -1 -1 -1 -1 -1 -1 100 -1 -1 -1 -1 -1 -1 -1 98 98 98 98 98 98 98 98 98 98 98 98 98 98 98 98 98 98 98 98 98 98 98 -1 -1 -1 -1 -1 -1 -1 147 147 147
3 3 3 3 3 3 3 3 3 3 -1 -1 -1 -1 -1 11 -1 -1 -1 -1 -1 -1 -1 -1 -1 -1 -1 -1 -1 -1 25 25 25 -1 -1 -1 -1 -1 29 29 29 29 29 -1 -1 -1 -1 -1 -1 -1 -1 -1 -1 -1 -1 -1 -1 -1 -1 -1 -1 -1 -1 98 98 98 98 98 98 98 98 98 98 98 98 98 98 98 98 98 98 98 98 98 98 98 -1 156 -1 -1 -1 -1 147 147 147 147
3 3 3 3 3 3 3 3 3 3 3 -1 -1 -1 -1 -1 -1 -1 -1 -1 -1 -1 15 -1 -1 -1 -1 -1 -1 -1 25 25 25 -1 -1 -1 -1 -1 29 29 29 29 29 29 29 29 -1 -1 -1 -1 -1 -1 -1 -1 -1 -1 -1 -1 118 -1 -1 -1 98 98 98 98 98 98 98 98 98 98 98 98 98 98 98 98 98 98 98 98 98 98 -1 -1 -1 -1 -1 -1 -1 -1 147 147 147 147
3 3 3 3 3 3 3 3 3 3 3 -1 -1 -1 -1 -1 -1 -1 -1 -1 -1 15 15 -1 -1 -1 -1 22 -1 -1 -1 -1 25 -1 -1 -1 -1 -1 29 29 29 29 29 29 29 -1 -1 -1 -1 -1 -1 -1 -1 -1 -1 -1 -1 -1 -1 -1 -1 -1 -1 98 98 98 98 98 98 98 98 98 98 98 98 98 98 98 98 98 98 98 98 -1 -1 -1 -1 -1 -1 -1 -1 -1 147 147 147 147
3 3 3 3 3 3 3 3 -1 -1 -1 -1 -1 -1 3 -1 -1 -1 -1 15 15 15 15 15 15 15 15 -1 -1 18 18 -1 -1 29 29 29 29 29 29 29 29 29 29 29 29 -1 -1 -1 -1 -1 -1 -1 -1 -1 -1 -1 -1 -1 -1 -1 -1 -1 -1 -1 98 98 98 98 98 98 98 98 98 98 98 98 98 98 98 98 98 98 98 -1 -1 -1 -1 -1 -1 -1 -1 -1 147 147 147 147
3 3 3 3 3 3 3 3 -1 -1 -1 -1 -1 -1 3 3 3 -1 -1 -1 -1 15 15 15 15 15 -1 -1 18 18 18 18 -1 -1 29 29 29 29 29 29 29 29 29 29 29 -1 -1 -1 29 29 -1 -1 -1 -1 -1 -1 -1 -1 -1 -1 -1 -1 -1 -1 98 98 98 98 98 98 98 98 98 98 98 98 98 98 98 98 98 98 98 -1 -1 -1 -1 -1 159 159 -1 -1 -1 -1 -1 -1
3 3 3 3 3 3 3 3 -1 -1 -1 -1 3 3 3 3 3 -1 -1 -1 -1 15 -1 -1 -1 15 -1 18 18 18 18 -1 -1 -1 -1 29 29 29 29 29 29 29 29 29 29 29 -1 -1 29 29 -1 -1 -1 -1 -1 -1 -1 -1 -1 -1 -1 -1 98 98 98 98 98 98 98 98 98 98 98 98 98 98 98 98 98 98 98 98 98 98 98 98 -1 -1 159 159 -1 -1 -1 -1 -1 -1
3 3 3 3 3 3 3 -1 -1 -1 -1 -1 3 3 3 3 3 -1 -1 -1 15 15 -1 -1 -1 -1 -1 18 18 18 18 -1 -1 18 -1 29 29 29 29 29 29 29 29 29 29 29 29 29 29 29 -1 -1 -1 -1 -1 -1 -1 -1 -1 -1 -1 -1 98 98 98 98 98 98 98 98 98 98 98 98 98 98 98 98 98 98 98 98 98 -1 -1 -1 -1 -1 -1 -1 -1 -1 -1 -1 -1 -1
3 3 3 3 3 3 3 3 3 3 3 -1 3 3 3 3 -1 -1 -1 -1 15 15 -1 -1 -1 -1 18 18 -1 -1 18 -1 -1 18 -1 29 29 29 29 29 29 29 29 29 29 29 29 29 29 29 -1 -1 88 88 88 -1 -1 -1 -1 -1 -1 -1 98 98 98 98 98 98 98 98 98 98 98 98 98 98 98 98 98 98 98 98 98 -1 -1 -1 -1 155 -1 -1 -1 -1 -1 147 147 147
